1 271768.5
2 2190.98417721519
3 2159.115501519757
4 1432010.34
5 2160.912052117264
6 23189.202090592335
7 2200.3022508038584
8 43266.859477124184
9 331847.82352941175
10 253276.69278996866
11 786870.0163934426
12 1501664.1650485436
13 577884.345276873
14 271621.49324324325
15 1067579.8039215687
16 1913686.4252491693
17 540953.3003300331
18 849190.3453947369
19 5468.121710526316
20 1065741.8844884487
21 271899.79069767444
22 324883.57597173145
23 968769.5743243244
24 563762.6351351351
25 1181096.494623656
26 3254223.3027522936
27 827069.9735973597
28 293373.65202702704
29 641422.3745318352
30 4515109.770547945
31 568779.3425076453
32 1863647.4221453287
33 864268.1593220339
34 3935361.0879478827
35 4484036.919298246
36 4835448.132075472
37 3858793.255192878
38 1717976.3310810812
39 5484083.959183673
40 1146807.5574324324
41 2337610.400611621
42 1483955.2482517483
43 1078803.013029316
44 3368320.9265734265
45 3304977.5476190476
46 3063016.017006803
47 1477613.508650519
48 1433145.1414473683
49 1314426.4579124579
50 3694542.9035369777
51 3287277.1409836067
52 2962048.746621622
53 4585265.7481203005
54 2625311.3691275166
55 2700195.479876161
56 3333538.354304636
57 1406017.4276315789
58 5341302.471947195
59 2941789.8295081966
60 1666074.2124183006
61 2817701.598039216
62 3019124.3125
63 3845393.6201298703
64 3167100.1843971633
65 4960673.083892617
66 2741807.0367892976
67 2883024.216617211
68 6674568.969594595
69 4795317.345394737
70 4867460.3973941365
71 2330483.5492957747
72 2732179.129032258
73 7662961.295138889
74 6816877.538983051
75 7397770.841750842
76 2807952.564285714
77 3203884.8666666667
78 2545720.8316498315
79 6211923.137820513
80 3761517.0733944955
81 5811409.735099338
82 6039260.901273886
83 5707663.799401198
84 5702089.4
85 5787339.0866426
86 6329305.90784983
87 6849312.705882353
88 4974653.866873065
89 1790206.2653721683
90 6877835.556231003
91 4366551.681967213
92 4691361.310714286
93 4125871.033670034
94 8982614.732899023
95 8779662.888888888
96 6465797.6728395065
97 1.4822808E7
98 7009431.0930232555
99 2697790.3951890036
100 6911326.076923077
101 8369448.257839722
102 4356321.2558139535
103 5460066.030612245
104 3256930.5136054424
105 5932183.121495327
106 4375047.012618297
107 6450918.308724832
108 5774710.382352941
109 4877419.427152318
110 5620941.103806228
111 1.0822231297202798E7
112 5278810.036101083
113 8683124.018237082
114 4984288.529801325
115 2887413.92971246
116 7724289.155172414
117 4592246.996742671
118 7148986.475694444
119 1.072963218430034E7
120 1.017032572147651E7
121 1.1152830379310345E7
122 5368009.217391305
123 6706029.564417178
124 6593809.815286624
125 5432533.900958466
126 8032377.483221477
127 6683887.35395189
128 9570255.173770491
129 8612619.835616438
130 1.3225210463333333E7
131 6991515.5331010455
132 7410489.301003344
133 6753896.034591195
134 7049355.367924528
135 5823129.299342105
136 3628714.237012987
137 9690930.425806452
138 9884232.116129031
139 9307005.720394736
140 8896327.91935484
141 1.122137906031746E7
142 6856186.570512821
143 5726243.647435897
144 1.7308612978947368E7
145 4670513.410828025
146 1.1870949888888888E7
147 8303670.45482866
148 8400829.36904762
149 6936007.632587859
150 5896264.711191336
151 7850419.279720279
152 1.062651845686901E7
153 7694210.934579439
154 5182984.450479234
155 6617612.612040134
156 1.032231142172524E7
157 9211085.477031803
158 8426413.237458194
159 1.348890709893993E7
160 9182871.013468014
161 1.2347413495268138E7
162 7094670.633898305
163 1.3006137619496856E7
164 1.2313734797385622E7
165 1.173098814556962E7
166 8197904.39184953
167 1.6191357357827475E7
168 7532206.1986754965
169 8623119.925696595
170 1.3127557518771332E7
171 9148665.351916377
172 9593004.031690141
173 8738396.447552448
174 1.151859827112676E7
175 8880163.63836478
176 9422313.096666666
177 1.3204716576388888E7
178 1.3843129026143791E7
179 8895860.325925926
180 1.0364499E7
181 1.134937969642857E7
182 1.6637915342657343E7
183 1.5265310971786834E7
184 1.1556696951557094E7
185 9933704.871972319
186 1.5087133628125E7
187 1.1297899377104377E7
188 1.0598763257525085E7
189 8894843.635179153
190 1.2164881939102564E7
191 1.26444301375E7
192 1.2215024929878049E7
193 8211594.480565371
194 8251634.073015873
195 5723713.993377483
196 1.4690801603225807E7
197 1.1012424765957447E7
198 8232926.447098976
199 9779810.661971832
200 1.0873640816129033E7
201 1.0093878389221556E7
202 9922744.10443038
203 6906385.624137931
204 1.0460397155172413E7
205 9281925.784313725
206 1.2077954491349481E7
207 1.0214634780645162E7
208 1.2347662343234323E7
209 1.0380388275409836E7
210 8917147.894578313
211 2.027300837414966E7
212 1.692238847335423E7
213 1.2162482017857144E7
214 1.372573702739726E7
215 1.3985949723404255E7
216 1.4624170917763159E7
217 1.5881934083941605E7
218 1.201425692857143E7
219 1.2136823053511705E7
220 1.161322050925926E7
221 1.3860267729641695E7
222 1.0101870506802721E7
223 1.3914256374558304E7
224 2.391975721153846E7
225 1.0311578656441718E7
226 1.469750524600639E7
227 1.2913284247058824E7
228 1.271016432646048E7
229 1.4294497025806451E7
230 1.4704004479365079E7
231 1.2255669241496598E7
232 1.8596434413907286E7
233 1.122254134219269E7
234 1.3836150264214046E7
235 1.822289816722408E7
236 2.063905042857143E7
237 2.1065073801369864E7
238 1.4103199508960573E7
239 1.1017407636645963E7
240 1.896872227245509E7
241 1.7970223307420496E7
242 1.478391374E7
243 2.0350456564013842E7
244 1.5640612611295681E7
245 1.4006729984276729E7
246 1.1842452794871794E7
247 1.9294039280254778E7
248 1.5552114337704917E7
249 1.0738020648562301E7
250 1.1385956112211222E7
251 1.5083426141447369E7
252 2.4626189574257426E7
253 1.6602922219047619E7
254 1.170956172972973E7
255 1.934048907523511E7
256 1.583572058496732E7
257 1.738858598091603E7
258 2.2156236986754965E7
259 1.6398824926984128E7
260 1.8826375394366197E7
261 1.2801875766447369E7
262 8559918.96
263 1.0811974257861635E7
264 1.798912824126984E7
265 1.4765806763578275E7
266 2.125542026712329E7
267 1.6528837960122699E7
268 1.4261650550335571E7
269 1.4502086206081081E7
270 1.7700762895752896E7
271 1.3501995464615384E7
272 1.648230931358885E7
273 1.9279234460992906E7
274 2.15351043202847E7
275 1.77545566909621E7
276 1.3228062380794702E7
277 1.5867048831804281E7
278 1.911454853198653E7
279 1.629804306832298E7
280 1.2539042627659574E7
281 1.6818059881789137E7
282 1.8348186861111112E7
283 1.7514854402027026E7
284 8562158.122866895
285 2.2615158386861313E7
286 1.639357325E7
287 2.120257451242236E7
288 2.0138521659574468E7
289 1.6988788264026403E7
290 2.122523087378641E7
291 1.416691995483871E7
292 1.6769719808219178E7
293 1.271865053618421E7
294 2.1730709031347964E7
295 1.625562710355987E7
296 1.966109843137255E7
297 1.5198122200680273E7
298 1.4236644E7
299 1.7441627772413794E7
300 1.7851558549152542E7
301 1.8001568697841726E7
302 2.4437941934472933E7
303 1.4973190365558913E7
304 1.312822074912892E7
305 2.3947054182119206E7
306 2.1424325873720136E7
307 2.0579400903903905E7
308 2.284598117647059E7
309 2.0028842675159235E7
310 1.9462873583596215E7
311 2.059663167353952E7
312 1.5981030501730103E7
313 1.1741243234527687E7
314 1.4265353418118468E7
315 1.4724068519031141E7
316 1.4128349184210526E7
317 1.9184299366438355E7
318 2.3301760063829787E7
319 1.6619079784194529E7
320 1.4952872273584906E7
321 2.1885702291828793E7
322 2.014275947975078E7
323 2.6445492942760944E7
324 1.465738721192053E7
325 1.8264724518656716E7
326 2.3864225573476702E7
327 1.5505601878787879E7
328 2.321111755087719E7
329 1.7899672620338984E7
330 2.3066236424050633E7
331 2.7816371773026317E7
332 1.3486047461279461E7
333 1.4766077264808362E7
334 1.9841287739583332E7
335 1.9309441385507245E7
336 3.515870982E7
337 1.7602823467948716E7
338 2.2704691125E7
339 2.329608914089347E7
340 2.3112334260869566E7
341 1.6190471133986928E7
342 1.9723418428134557E7
343 2.7536677013513513E7
344 1.8942531551948052E7
345 2.229398312413793E7
346 2.6783937880866427E7
347 1.946992788961039E7
348 2.2119028015625E7
349 2.2755570746527776E7
350 2.2248511816849817E7
351 2.5011336172413792E7
352 1.8218554453333333E7
353 2.006259161754386E7
354 2.3934927778546713E7
355 1.6447924832764504E7
356 1.5368131432055749E7
357 1.5752473366101695E7
358 1.8956569265780732E7
359 2.112476241438356E7
360 2.4985965872262772E7
361 1.7498915858585857E7
362 1.844648690184049E7
363 2.0089226192810457E7
364 1.7589170791808873E7
365 2.1865422682539683E7
366 1.3242242703488372E7
367 2.249724001973684E7
368 2.702223847311828E7
369 2.3838210636942673E7
370 2.873805085E7
371 2.166797949514563E7
372 1.6626507020710059E7
373 3.142277896460177E7
374 1.8760319379194632E7
375 2.081869362730627E7
376 1.802003994984326E7
377 2.2588097347826086E7
378 1.61258526292517E7
379 1.9115772724683546E7
380 2.1068808642405063E7
381 1.9828712986254297E7
382 2.642967521362229E7
383 2.520909727808989E7
384 2.6613630798611112E7
385 1.848780005379747E7
386 2.0557315518032786E7
387 2.4118493817275748E7
388 2.3244120273972604E7
389 2.855671713664596E7
390 2.5248645017006803E7
391 1.88952062984127E7
392 2.4203084305369128E7
393 2.650770903809524E7
394 2.1284854732394367E7
395 2.620549934408602E7
396 2.9816051006644517E7
397 1.4895906524590164E7
398 2.395559948837209E7
399 2.4410741451612905E7
400 2.818059907641196E7
401 2.338313714285714E7
402 1.4666499407017544E7
403 3.1109561013071895E7
404 2.7943919897689767E7
405 2.4348511421221863E7
406 1.793654418032787E7
407 1.9658079464285713E7
408 2.653379968283582E7
409 2.1795813286206897E7
410 3.12440321661442E7
411 2.9816964338870432E7
412 2.519547323183391E7
413 1.977223093145161E7
414 2.3709711029032256E7
415 1.6546494315789474E7
416 3.193448861E7
417 2.684218454225352E7
418 2.397644394389439E7
419 2.1053184799418606E7
420 2.728337578360656E7
421 2.8983611232258063E7
422 1.8213317351097178E7
423 2.3193610480392158E7
424 2.0148620020547945E7
425 3.1054478786713287E7
426 2.762104179496403E7
427 2.014348803164557E7
428 2.286451005102041E7
429 2.1486659726973683E7
430 3.003510570707071E7
431 2.5508705815972224E7
432 3.0885513757575758E7
433 2.443683188198758E7
434 2.7252489096666668E7
435 2.842477407457627E7
436 2.978384477385159E7
437 2.1670772070945945E7
438 2.321751487459807E7
439 2.628832470967742E7
440 1.9709701074468084E7
441 2.74036146557971E7
442 2.143532692857143E7
443 2.0954624351612903E7
444 2.8399194164037853E7
445 2.8841319125E7
446 3.55903567492163E7
447 2.628464484590164E7
448 2.411884210897436E7
449 2.497120524915825E7
450 3.097911080565371E7
451 1.7759751784375E7
452 3.2612616307420496E7
453 3.005662014057508E7
454 3.2511000390243903E7
455 2.5240467725925926E7
456 4.029898062758621E7
457 2.0595499507462688E7
458 3.311791152559727E7
459 3.287509615625E7
460 2.5168032275092937E7
461 3.294291027424749E7
462 3.67039100784983E7
463 3.0750518356083088E7
464 4.020904742679128E7
465 2.830117795681063E7
466 2.3190943484848484E7
467 2.5809784145400595E7
468 2.6948593415686276E7
469 2.780195853076923E7
470 2.6579039966555186E7
471 3.531054662585034E7
472 2.188067946179402E7
473 3.020181609252669E7
474 3.407475694612794E7
475 3.1978802524271846E7
476 2.8742124517684888E7
477 2.1430134088235293E7
478 2.0823901993055556E7
479 3.386193958944281E7
480 2.5171660172413792E7
481 3.9015921734375E7
482 3.0869292505263157E7
483 2.497112878082192E7
484 2.6401050531772576E7
485 2.6841451724358976E7
486 2.4399999179054055E7
487 3.657248819661017E7
488 3.570021452238806E7
489 2.5941084598726116E7
490 3.87675720032258E7
491 2.4703664430678464E7
492 3.065366736893204E7
493 4.051840515434083E7
494 3.0021282667774085E7
495 2.4550124622516558E7
496 3.4565485957446806E7
497 2.872936248275862E7
498 4.2156376746710524E7
499 3.250394616171617E7
500 3.194615659507042E7
501 3.970074376449275E7
502 3.2851943537162162E7
503 2.85909927875E7
504 2.7134139198083065E7
505 3.700113246753247E7
506 2.965620332867133E7
507 2.7067279839721255E7
508 2.8003372163934425E7
509 2.3658533581939798E7
510 2.8373443185303513E7
511 3.0899316314079423E7
512 3.65515497260274E7
513 3.538475665656566E7
514 2.3295563664652567E7
515 2.380543604901961E7
516 2.535104901694915E7
517 3.910905614642857E7
518 3.0409582599264707E7
519 2.8742628103550296E7
520 2.7868800848214287E7
521 3.384546479790941E7
522 2.5640410864111498E7
523 2.63110403013245E7
524 2.758330138032787E7
525 3.303342983171521E7
526 3.1494395816199377E7
527 4.337402750526316E7
528 2.893556513271605E7
529 2.8720560728434503E7
530 3.811756174598071E7
531 5.1506209731629394E7
532 3.066824637142857E7
533 4.893619361764706E7
534 2.6247651960573476E7
535 3.449298625159235E7
536 3.50491177003367E7
537 2.8129752888888888E7
538 2.864279063692308E7
539 2.840382368041237E7
540 2.493111768770764E7
541 3.0995340645051196E7
542 3.222180603405573E7
543 3.229359162408759E7
544 2.8572185875409838E7
545 2.737406007073955E7
546 4.645861452666666E7
547 3.1958961215189874E7
548 2.9665745392523363E7
549 3.2629259464831803E7
550 3.0637687579754602E7
551 3.0651543701923076E7
552 3.861325012162162E7
553 4.073275618694362E7
554 4.041422063636363E7
555 2.5956919943925235E7
556 3.6210727808724836E7
557 3.51940450890411E7
558 3.3220301510638297E7
559 3.316740702931596E7
560 2.552867808223684E7
561 3.843245456721312E7
562 4.2950658513333336E7
563 3.6970731671974525E7
564 3.2851772335689045E7
565 3.2582765906148866E7
566 4.26879825625E7
567 2.6481626115384616E7
568 4.356863912307692E7
569 3.2658309166077737E7
570 3.969792787608069E7
571 3.993270392786885E7
572 3.038735108561644E7
573 3.867862221884499E7
574 3.79566532E7
575 3.6837750266447365E7
576 4.187570580612245E7
577 5.131680596845426E7
578 3.394159670229007E7
579 4.153118555956679E7
580 4.023792502758621E7
581 3.954124248734177E7
582 2.9047411061488673E7
583 2.992265747766323E7
584 4.0762768794117644E7
585 3.544916024315068E7
586 3.056116220652174E7
587 3.2470293297945205E7
588 3.1205208700729925E7
589 3.163799259375E7
590 3.308684211406844E7
591 3.125081315511551E7
592 2.9706909166089967E7
593 4.426849311340206E7
594 3.2624515028753992E7
595 3.596417755442177E7
596 4.73460985916955E7
597 3.88018471125E7
598 3.7556912025157236E7
599 3.048450691362126E7
600 3.4392260279863484E7
601 4.378752667619047E7
602 4.211170548852459E7
603 3.3658241501618125E7
604 3.398551260486322E7
605 2.7675498882154882E7
606 3.755450955345912E7
607 4.2013909205298014E7
608 3.465286534948097E7
609 3.9073099108843535E7
610 3.091539280392157E7
611 4.2857190846938774E7
612 3.678850360869565E7
613 4.184339465231788E7
614 3.9028834548387095E7
615 3.4626993399317406E7
616 3.866019434527687E7
617 3.365499324919094E7
618 4.127884452845529E7
619 3.486969801388889E7
620 4.577590851525424E7
621 4.397088136196319E7
622 3.768160939930555E7
623 3.7759359344370864E7
624 3.965144406969697E7
625 2.798078759744409E7
626 3.635160576527331E7
627 3.619926291319445E7
628 2.7763733003205128E7
629 3.558173627333333E7
630 4.080234883486239E7
631 3.59523485955414E7
632 4.478055930798479E7
633 4.150801882E7
634 3.0498207029239766E7
635 4.162150627574751E7
636 4.27739867752443E7
637 5.797264260465116E7
638 4.164732751677852E7
639 3.631927700294118E7
640 3.343445272611465E7
641 3.1386794421818182E7
642 4.0916653955882356E7
643 4.138468464240506E7
644 4.571236587713311E7
645 4.335436719594595E7
646 4.193080165319865E7
647 3.508723023890785E7
648 3.488258686557377E7
649 5.244911763174603E7
650 4.121518007801419E7
651 5.297036130107527E7
652 3.710508643333333E7
653 5.0652269294117644E7
654 4.064278977666666E7
655 4.003182028222997E7
656 3.513789326285715E7
657 4.5876255437062934E7
658 4.247450140645161E7
659 4.677425929906542E7
660 3.389048546863469E7
661 3.9379152E7
662 4.536841159322034E7
663 3.759846131677019E7
664 4.3178029817880794E7
665 3.856715540845071E7
666 3.7813025451612905E7
667 3.774569448397436E7
668 4.882757681388012E7
669 3.5268883003460206E7
670 5.5921194320689656E7
671 3.082336294178082E7
672 3.50715494517134E7
673 3.75199783013245E7
674 4.2387257838616714E7
675 3.7408794406040266E7
676 4.240522379141104E7
677 3.2601907265432097E7
678 4.897218436971831E7
679 4.293880287741935E7
680 3.4385318667785235E7
681 4.640118466043614E7
682 3.177627817197452E7
683 3.5765032732899025E7
684 4.638472630508474E7
685 3.274632141121495E7
686 3.8858365079872206E7
687 4.517023378964401E7
688 4.400505465107913E7
689 4.638365712539185E7
690 4.551876542019544E7
691 4.296605257446808E7
692 4.2663512184210524E7
693 4.243963135294118E7
694 4.818600483225807E7
695 4.793429507348243E7
696 4.998978575170068E7
697 3.534380594444445E7
698 3.809755226602564E7
699 4.581599229209622E7
700 4.105604589928058E7
701 3.752062670921986E7
702 3.437109501023891E7
703 5.7179667391156465E7
704 3.454891822516556E7
705 4.115517506666667E7
706 5.692421609863946E7
707 4.046336030034129E7
708 4.195326384326019E7
709 3.358485713846154E7
710 5.704894712631579E7
711 5.696388877508651E7
712 4.50636892476489E7
713 4.79763725942029E7
714 5.175069323142857E7
715 4.332080949842271E7
716 4.759940819811321E7
717 4.1049422957703926E7
718 4.2914410634482756E7
719 5.347289736196319E7
720 4.1443678114285715E7
721 3.964424299659864E7
722 4.958759293708609E7
723 3.4898171536050156E7
724 3.2274498930555556E7
725 4.645626650337838E7
726 4.1642554053125E7
727 5.4790188348122865E7
728 4.0272425274626866E7
729 4.19955717279152E7
730 7.083053773188406E7
731 5.240071033676976E7
732 4.273227301898734E7
733 5.252731242333333E7
734 4.079839079310345E7
735 3.654307733212996E7
736 3.893394855704698E7
737 5.000276291318328E7
738 4.105323573898305E7
739 3.1221488391891893E7
740 4.852904878767123E7
741 3.787019171821306E7
742 3.5161867515050165E7
743 5.7739959677740864E7
744 3.940131038013699E7
745 5.901930137748344E7
746 4.28391467368421E7
747 1.356730112229965E8
748 4.876379416451613E7
749 4.0943771872262776E7
750 3.481146449834984E7
751 4.51039057562724E7
752 4.4465701428571425E7
753 4.782071914864865E7
754 3.860665188993711E7
755 4.8880750926984124E7
756 4.145508037894737E7
757 4.456270769677419E7
758 4.2537276087108016E7
759 4.547339128571428E7
760 4.8051861034810126E7
761 6.045301603666667E7
762 4.853997081494662E7
763 6.235717494578313E7
764 8.512722755960265E7
765 5.428974150632911E7
766 3.838010889180328E7
767 4.35945855751634E7
768 4.1291360526315786E7
769 3.993739599356913E7
770 4.067994144027304E7
771 5.650772443050847E7
772 7.476445599324325E7
773 6.2333036855018586E7
774 3.917754710631229E7
775 5.752801250671141E7
776 6.318652573615635E7
777 4.681342063486842E7
778 4.827011868275862E7
779 4.1974548605442174E7
780 4.537424182736156E7
781 5.543955201863354E7
782 3.9567692958598725E7
783 4.862255011949685E7
784 5.01587573554007E7
785 5.4330181996309966E7
786 5.247781828776979E7
787 5.20236092585034E7
788 5.178067643450479E7
789 3.651851073615635E7
790 4.3102213128289476E7
791 4.141830447635135E7
792 5.190792043165468E7
793 1.0875097101355933E8
794 9.471690997419354E7
795 3.9487273875757575E7
796 6.796928468674698E7
797 4.166340470426829E7
798 5.28916431775701E7
799 5.290047902622951E7
800 3.8626320993610226E7
801 4.38314300794702E7
802 6.4772292092857145E7
803 3.95433984375E7
804 5.9026306468277946E7
805 4.720755551263538E7
806 6.69738253483871E7
807 5.308743331884058E7
808 6.155913535779817E7
809 1.272220138030303E8
810 5.048319382653061E7
811 5.185542398089172E7
812 4.180386039607843E7
813 6.551642870333333E7
814 6.097097491245791E7
815 4.4854670915584415E7
816 6.44495493161512E7
817 6.805747827931035E7
818 7.390790691233766E7
819 3.6795576911262795E7
820 5.296756965979382E7
821 5.57946125882353E7
822 4.811720735714286E7
823 4.668549931879195E7
824 4.451540632807571E7
825 5.3336659514377E7
826 6.5836385669966996E7
827 7.982162927430555E7
828 5.7321993960365854E7
829 6.954231023549488E7
830 1.7760937439222616E8
831 6.97451871858108E7
832 7.956767411643836E7
833 4.05678080852459E7
834 5.978611743843844E7
835 5.020410967457627E7
836 5.555976413945578E7
837 9.027608879931973E7
838 8.304028361514196E7
839 5.378687176635514E7
840 5.5122972746987954E7
841 1.348357953051948E8
842 4.550208396238244E7
843 6.306290303571428E7
844 5.690056963907285E7
845 6.1075429461538464E7
846 5.26887381349481E7
847 6.386442324922118E7
848 7.951202152515723E7
849 1.6946548790415335E8
850 8.521309660915492E7
851 3.833017097069597E7
852 5.132523793597561E7
853 1.4764629462057877E8
854 4.6718258753289476E7
855 9.996851582371795E7
856 4.704621745229682E7
857 4.987464802127659E7
858 1.2178793151546392E8
859 1.348176673586626E8
860 5.388060238198758E7
861 1.1588784253721683E8
862 5.041351315407855E7
863 4.5600047583596215E7
864 4.572367648263889E7
865 1.4708002193835616E8
866 6.258143600314465E7
867 6.133084222580645E7
868 1.1108262814482759E8
869 4.683601712341772E7
870 4.237977535973597E7
871 1.0682874990780142E8
872 1.6203097659305993E8
873 8.368961022413793E7
874 1.4376361070926517E8
875 1.0584176188819876E8
876 8.575712220711975E7
877 9.298145697160883E7
878 4.2524153834375E7
879 4.802232276947041E7
880 4.045200479333334E7
881 4.755548003246753E7
882 6.906454903571428E7
883 5.0075943078947365E7
884 7.95395648576389E7
885 1.234009045443425E8
886 6.241872602588997E7
887 1.2555529914332248E8
888 1.0179664003548387E8
889 2.1257809211764705E8
890 9.427504047477745E7
891 9.517931593155894E7
892 6.24017764845679E7
893 4.795209317845118E7
894 6.4489152263333336E7
895 1.1208126863125E8
896 8.351449380065359E7
897 1.466715861708185E8
898 8.675479228776978E7
899 5.939363829830509E7
900 5.48579958225256E7
901 7.544285359047619E7
902 1.419849813655914E8
903 6.575402041471572E7
904 8.921243006309149E7
905 1.1979134652881356E8
906 4.7932182227564104E7
907 1.6018210449532712E8
908 5.255961546853147E7
909 1.3293658518661971E8
910 7.361556137106918E7
911 5.687129829856115E7
912 1.4957838713333333E8
913 1.1859336011428571E8
914 1.3996013792424244E8
915 9.157189848859935E7
916 1.0780613635191637E8
917 5.983103389003436E7
918 9.790200337962963E7
919 4.698278810526316E7
920 1.0056696077707006E8
921 6.5377078041401275E7
922 5.80263064604811E7
923 1.4476626276363635E8
924 5.015039502033898E7
925 5.5811729970491804E7
926 1.1921986251582278E8
927 6.0182513790769234E7
928 6.337643366776316E7
929 1.2370072046056782E8
930 7.281515167132868E7
931 1.3267210572108844E8
932 7.037092513576159E7
933 2.294327145773196E8
934 1.2272273627828746E8
935 1.536304395423077E8
936 9.213467549834983E7
937 5.878331692786885E7
938 5.821165232371795E7
939 5.5892765134615384E7
940 5.445343060992908E7
941 1.4496028816027874E8
942 8.399019273400673E7
943 1.8129655638376385E8
944 7.678335337755102E7
945 6.587378663513514E7
946 1.582607670662021E8
947 4.85901975732899E7
948 6.444509442810457E7
949 4.572163644107744E7
950 5.4760610051612906E7
951 5.952197022558922E7
952 6.5111699450847454E7
953 5.508756965845071E7
954 6.088211256E7
955 5.397894826785714E7
956 1.847303294012158E8
957 1.1720382792409241E8
958 1.1802817097202797E8
959 5.79745930177305E7
960 1.5751337065693432E8
961 5.687117223310811E7
962 5.359888159882006E7
963 1.2309951688652483E8
964 5.980801689333333E7
965 2.0891380729235882E8
966 6.68192224742268E7
967 5.2241456573426574E7
968 3.172887472621723E8
969 4.88451894245283E7
970 6.486721532653061E7
971 5.005417161151079E7
972 6.069520582130584E7
973 2.338532665974026E8
974 6.230392720578778E7
975 5.147938329491525E7
976 2.0668250598006645E8
977 5.878477963043478E7
978 7.773996153633218E7
979 5.6942255881355934E7
980 8.379213422340426E7
981 7.097153948504983E7
982 8.958739274675325E7
983 2.1612706763344052E8
984 2.1372606392783505E8
985 5.037511968874172E7
986 2.0930879664423078E8
987 5.333720234516129E7
988 2.3770939158419243E8
989 8.832801455727555E7
990 1.3193618043827161E8
991 1.9513165848070174E8
992 5.2691002008955225E7
993 1.460264396677215E8
994 1.7399840941970804E8
995 6.548813264383562E7
996 5.878755259328358E7
997 2.0035644577272728E8
998 1.380842475E8
999 1.562749884E8
