1 2183.609958506224
2 2149.909090909091
3 32835.87614678899
4 26502.38686131387
5 76401.28514056225
6 4782.320346320346
7 71537.50746268657
8 4304.713114754099
9 49166.68060836502
10 2150.003984063745
11 47763.738007380074
12 28741.41312741313
13 125178.85537190082
14 50892.06995884774
15 57647.02136752137
16 23772.87725631769
17 54456.38888888889
18 77925.15873015873
19 224054.5447470817
20 54434.01915708812
21 185919.16465863455
22 75072.11153846154
23 153631.26530612246
24 67504.39792387543
25 145383.55947136565
26 149548.75862068965
27 31824.215767634854
28 104163.6050420168
29 91789.43703703703
30 131058.07818930042
31 252400.03719008266
32 186701.88842975206
33 170352.53816793894
34 143352.25757575757
35 193361.75652173912
36 120167.4054054054
37 63590.92272727273
38 258558.89583333334
39 166800.75229357797
40 243424.42978723405
41 264267.26744186046
42 275010.0442477876
43 272913.42063492065
44 207677.3
45 371653.173553719
46 390005.2862903226
47 250816.468
48 168070.9889298893
49 319709.612
50 80515.32773109243
51 475382.9135802469
52 319542.56451612903
53 341913.98412698414
54 243365.2371541502
55 329568.46992481203
56 206631.14516129033
57 250569.89781021897
58 309821.1769547325
59 259636.6050420168
60 330851.0215053763
61 249214.9193548387
62 289984.9012345679
63 220259.6850393701
64 275555.84462151397
65 243438.06870229007
66 215479.08139534883
67 514043.9510204082
68 270988.3675213675
69 192228.54826254825
70 398930.02255639096
71 514600.97975708504
72 393436.74782608694
73 457717.5747126437
74 292742.88259109313
75 450671.0553359684
76 421914.04641350213
77 219094.9829787234
78 318963.2913385827
79 254209.0153256705
80 397927.7969348659
81 255795.45833333334
82 475451.0753968254
83 452619.05306122446
84 367300.51785714284
85 387502.4424778761
86 471932.2469135802
87 227064.6294642857
88 403305.05243445694
89 324235.45454545453
90 348174.4603773585
91 747421.4663865546
92 523301.34285714285
93 197639.84426229508
94 325498.3716475096
95 790604.946969697
96 453865.62256809336
97 337067.9691629956
98 551222.0264150944
99 681795.7462121212
100 590493.0088105727
101 408439.9462809917
102 367874.14
103 686245.3854961832
104 568930.0243902439
105 586791.9461279461
106 375184.8046875
107 404486.2434456929
108 261621.52719665272
109 690905.7242798354
110 466412.36329588015
111 551030.470119522
112 1088620.548245614
113 506544.4021352313
114 565037.9346938776
115 544050.1681415929
116 463213.9601593625
117 514264.77734375
118 384754.75581395347
119 594961.531598513
120 475189.4980544747
121 645898.2269230769
122 762766.0966386554
123 600399.0409090909
124 924076.9427480916
125 704482.1794871795
126 784087.546184739
127 518355.09633027524
128 533372.448275862
129 594971.179916318
130 671558.7396694215
131 547460.3012048192
132 551203.2790697674
133 664900.4556962026
134 639543.2961373391
135 581578.7125984252
136 875306.7751004016
137 765939.4022556391
138 1084342.5506072876
139 268419.468503937
140 517989.1176470588
141 559323.8136363636
142 549297.3764705883
143 761400.1439688716
144 773446.6883116884
145 576530.5413223141
146 572109.4553571428
147 615513.9437751004
148 811690.706122449
149 629839.2037037037
150 971089.268292683
151 580161.4071428571
152 647453.2627450981
153 794368.77734375
154 628427.225
155 887205.1206896552
156 613826.5265306123
157 731560.0508474576
158 659000.6106557377
159 1015332.8247011952
160 1043536.5806451613
161 952642.1902834008
162 837496.5512820513
163 528045.48
164 964421.1386554622
165 769672.8007662835
166 900198.9094488189
167 770818.33632287
168 651311.3011583012
169 1127830.888446215
170 832153.2347826087
171 772646.9748953974
172 1049848.4457831325
173 747244.6181818182
174 992800.6074074074
175 1036979.2355371901
176 875315.2468619247
177 1127633.9592592593
178 1210179.984496124
179 790519.6212121212
180 1037517.0303030303
181 686588.8134920635
182 989033.626984127
183 1016397.7336065574
184 768669.5344129555
185 709251.029661017
186 840785.4637096775
187 715380.682464455
188 1138827.773076923
189 1062224.1062271062
190 1107446.125
191 1165458.2384615385
192 941592.0957446808
193 1172374.545816733
194 954393.1487603306
195 787645.7234042553
196 1130728.796812749
197 1245388.7851239669
198 970958.6831275721
199 729096.76
200 1207139.2754237289
201 1105092.8734693876
202 1073274.2661870504
203 1109871.8398268397
204 1054249.940239044
205 989947.6502242152
206 1265115.3043478262
207 750188.4957264957
208 980770.4876033058
209 1039675.0392156863
210 1055712.9770992366
211 1560787.0819672132
212 1336858.3441295547
213 1034094.5177865613
214 1092103.288209607
215 962067.1626984127
216 1008925.65625
217 1155280.7533039649
218 863022.0705394191
219 940619.4329501915
220 1244653.8796992481
221 1036991.5577689243
222 1004346.3595041322
223 1549805.0
224 796795.3489361702
225 1447242.3122529644
226 1033961.8674242424
227 1305917.652
228 1086841.9498069498
229 1073946.7250996016
230 1233992.6150627616
231 1323938.3931623932
232 1136280.4234234234
233 1253925.9518072288
234 1299017.5862068965
235 1456196.2077922078
236 1518058.4897959183
237 1076843.502057613
238 1126058.5609756098
239 1349333.5703422052
240 699859.9820627803
241 1411512.7703703705
242 1315752.4979757085
243 1394314.9962406014
244 1230231.1834061136
245 1568247.3644067796
246 1296577.9817351599
247 983595.2188679245
248 993528.9276595744
249 1256848.9694323144
250 1711005.9919354839
251 1171067.5826446281
252 1505827.6451612904
253 1068457.73046875
254 1012140.6145454545
255 1580075.3062730627
256 1136319.7836734694
257 1204692.9458333333
258 1146259.2328244275
259 1512153.0361445784
260 1484482.1072961374
261 1392309.1737451737
262 1543251.2218045113
263 1626854.896995708
264 1504682.2260536398
265 1498748.2078431372
266 1056962.2979591836
267 1140463.318007663
268 1194000.096069869
269 1719118.807174888
270 1676187.4857142856
271 1447567.198275862
272 1886730.5542168675
273 1761694.148148148
274 1711896.9649122807
275 1129304.5795454546
276 1499733.5305343512
277 1542719.0173913043
278 1410497.8844444444
279 1328463.8674242424
280 1482559.7385159011
281 1616400.6017316016
282 1062793.4485294118
283 1291986.5
284 1722692.5355805242
285 1364251.6456692913
286 1788494.25
287 1834992.9192307692
288 1572035.1035856574
289 1729929.2885375493
290 1339685.887159533
291 1632566.3446969697
292 1617605.015936255
293 1395009.77734375
294 1686270.7394957982
295 1571907.7160493827
296 1823920.6694915255
297 1638295.5811965812
298 1277612.2866894198
299 1859756.8815789474
300 1781480.540084388
301 1813192.1501976284
302 1452927.4181034483
303 1951324.023148148
304 1047887.0693877551
305 1662055.6303317535
306 1924124.545112782
307 1532674.6651376146
308 1471501.6704119851
309 1747085.4107883817
310 1670557.5836298931
311 1756703.7427536233
312 1430796.650793651
313 1646644.1353383458
314 1639706.7509578543
315 1604932.4085603112
316 1958473.2926829269
317 1781591.1627906978
318 1578548.2029520294
319 1355277.812244898
320 1944966.030888031
321 1512813.6398467433
322 1676984.0317460317
323 1214406.940239044
324 1826508.5627530364
325 1748294.7209302327
326 1893635.5609756098
327 1610997.1851851852
328 1735927.876
329 1342802.0215827338
330 1923818.9871794872
331 1696418.527027027
332 1553852.429118774
333 1499755.06
334 1861880.0
335 1847719.7837837837
336 1815577.8512396694
337 1946095.1930501931
338 1627827.0
339 1569256.3058823529
340 1970238.6345381527
341 1631227.12890625
342 1621933.872881356
343 2080703.5546558704
344 2589788.2300884956
345 1708469.7909836066
346 1726489.0840336136
347 1707958.757201646
348 2065004.6016949152
349 1999532.8414096916
350 2126210.6837944663
351 2350881.101214575
352 1932052.9836065574
353 1564186.9159663864
354 1727010.3176470587
355 1982414.4980842911
356 1973323.3140794223
357 2110313.2
358 2014424.7336065574
359 1919619.5521235522
360 1568482.2151394421
361 2351857.12295082
362 2181665.271653543
363 1751918.0555555555
364 2060541.306122449
365 1693193.4609053498
366 2159930.291828794
367 2204549.5
368 1725910.0204918033
369 1941865.2190082644
370 2244528.433333333
371 1505308.4159292036
372 1719178.794117647
373 1985789.7836734694
374 2001656.4584980237
375 2016752.2024793387
376 1764703.0198412698
377 1922649.0447761193
378 1993926.8045112782
379 1961973.2423076923
380 2018044.97008547
381 2544438.8333333335
382 1903238.5486381324
383 2456997.61302682
384 1994457.0266666666
385 2185554.578544061
386 1868795.4625
387 2018384.8033472802
388 2143220.9536679536
389 2110776.190677966
390 3010140.7
391 2120865.096085409
392 1844146.8083333333
393 2149436.9139344264
394 2307748.8904761905
395 2274393.3811320756
396 2332771.008264463
397 2218923.785714286
398 2479483.6767241377
399 2566775.5836575874
400 2414473.129411765
401 2232671.1086956523
402 1706677.0161290322
403 2775414.3625
404 2295183.3786764704
405 2702888.9433962265
406 2147046.514893617
407 2160733.8745387453
408 2208507.3319502072
409 2566533.470338983
410 2409925.5215686276
411 3059131.6052631577
412 2479365.6782945734
413 1985093.2145748988
414 2173398.3053097343
415 2587436.8775510206
416 1841493.093117409
417 2318316.9007936507
418 2176110.75308642
419 2349029.7737226277
420 2315537.356
421 2382266.2456747405
422 2556982.6033755275
423 2896511.1818181816
424 2283516.948818898
425 2632239.6694915253
426 2194319.6177606178
427 2027071.233463035
428 2652952.790322581
429 2069661.5461847389
430 2404628.56302521
431 1880294.6824817518
432 2673908.7292418773
433 2558650.158671587
434 2555394.362549801
435 2799989.235772358
436 2563941.7711864407
437 2741372.5578512396
438 2954472.8944954127
439 2480517.696356275
440 2389640.2558139535
441 2009786.5019157089
442 2497861.935483871
443 2422577.212
444 2789485.4615384615
445 2564870.317180617
446 2413311.157303371
447 2873591.2192982454
448 2255516.918103448
449 2285210.229508197
450 2949029.656779661
451 3063264.012448133
452 1722632.6293103448
453 2754390.573770492
454 3239915.6794871795
455 2311171.423580786
456 2665066.1050420166
457 2377601.696035242
458 2942310.29296875
459 2587843.2052401747
460 2669146.49609375
461 3415005.983673469
462 2788524.8448979594
463 2748443.7172131147
464 2402491.23880597
465 2787281.02892562
466 2768382.763265306
467 2720918.5515695065
468 3751435.6779661016
469 3108612.6887159534
470 2534634.7633928573
471 3311859.1491935486
472 2671586.080321285
473 2403143.8544061305
474 2821032.128099174
475 3709856.314516129
476 3665462.2325581396
477 4263606.648068669
478 2804152.2603773586
479 2844723.511013216
480 3342537.930612245
481 2832473.2874015747
482 3287884.2605042015
483 3163433.32
484 2728554.129411765
485 3357047.1145038167
486 2553908.66367713
487 2591091.8785425103
488 3007725.8843283583
489 2412178.399159664
490 2930904.253164557
491 3026871.1428571427
492 3078833.151020408
493 3448264.04
494 2979778.9834710746
495 2685606.3787234044
496 3242031.170212766
497 3652910.1164658633
498 3494945.3879310344
499 2980786.40942029
500 2689035.224264706
501 3201486.16872428
502 3204135.418032787
503 2725369.6144578313
504 2412877.7644787645
505 3693291.4959349595
506 2987320.582278481
507 3136562.5894308942
508 3604194.888888889
509 3606583.526717557
510 3095735.03875969
511 2795042.0708333333
512 2625153.769230769
513 2873781.9791666665
514 2863895.670940171
515 3591520.891566265
516 3568514.6577946767
517 3433336.564102564
518 3456328.560311284
519 3441755.61627907
520 2925826.2455516015
521 4003743.2863247865
522 3102460.079646018
523 3315219.2
524 3118657.693277311
525 2187497.960352423
526 3903171.3307392998
527 2676552.486166008
528 3701790.560669456
529 3134954.885931559
530 3106293.293680297
531 3297136.634920635
532 3792676.8940677964
533 4045971.3161764704
534 3159880.310483871
535 3694274.501960784
536 3558636.734126984
537 2939944.972440945
538 3078872.2906976743
539 4148311.596899225
540 3583820.791970803
541 3485440.365957447
542 3636496.151750973
543 3381475.6539923954
544 3236839.560714286
545 3967347.510460251
546 2932943.0250896057
547 2684560.445692884
548 3097677.3484848486
549 3483102.6056338027
550 3804537.8181818184
551 3158594.367965368
552 3886131.714285714
553 3825445.0814814814
554 3908103.2259414224
555 3977044.2181818183
556 2972908.217391304
557 3977448.372
558 3750076.351464435
559 3532197.3571428573
560 3784947.282608696
561 2911527.896694215
562 4784934.992395437
563 3700477.123966942
564 3923903.3223140496
565 4019944.7975206613
566 3647356.8008849556
567 3264938.57312253
568 3702019.3831417626
569 2999971.5291828793
570 3125188.174757282
571 4062691.2213114756
572 3481270.8571428573
573 3438725.98015873
574 3522032.229437229
575 3568018.5217391304
576 3201664.756862745
577 4098623.4765625
578 4333800.6983471075
579 3348342.5513307983
580 4337961.498141264
581 4326045.728506788
582 3567815.223214286
583 3749002.988047809
584 3672995.0573770492
585 3869888.902222222
586 4665389.939024391
587 3594000.1136363638
588 3995481.417910448
589 3316198.49034749
590 3481905.6848249026
591 3544137.533596838
592 3694582.781893004
593 3742681.003921569
594 3940375.309236948
595 3332368.089068826
596 3864955.28125
597 4151110.2198275863
598 4051868.4711111113
599 4186263.8661417323
600 3664313.400862069
601 4236085.478764479
602 3294773.87250996
603 4081999.2181818183
604 4472081.213973799
605 3911063.146788991
606 4298612.640167364
607 4400244.115555556
608 3830922.1166666667
609 3705770.4723404255
610 5475036.3176470585
611 4290710.976095618
612 4199478.9655172415
613 4354014.38167939
614 4088944.840909091
615 3490613.0871369294
616 3465031.8397212545
617 4067653.3046875
618 5047699.69921875
619 4329321.565789473
620 3241329.3319838056
621 3826992.411067194
622 3543706.5444444446
623 4011281.823076923
624 4582586.420074349
625 4162649.0110294116
626 3929594.2430278882
627 4002578.774590164
628 5240934.8301158305
629 4862478.64935065
630 4399222.156626506
631 3951336.9128630706
632 4615706.882352941
633 4373209.825910931
634 3802834.0687022903
635 5584302.992277992
636 4355507.522058823
637 4733467.438053098
638 3422507.880165289
639 5177634.6254416965
640 4143999.5196850393
641 4662121.868913857
642 4382922.979674797
643 4364345.122605364
644 4042724.598360656
645 4382603.46484375
646 5402407.496124031
647 4154541.0346153844
648 4822186.217391305
649 4169031.09057971
650 4014181.1711026616
651 4525584.177165355
652 4939283.767241379
653 3692803.9543568464
654 4708095.216326531
655 4399023.403225807
656 4041703.7965367967
657 3915879.3333333335
658 4489440.245487365
659 4878129.965116279
660 4487858.815384615
661 4801662.956175298
662 5180666.992307693
663 5213032.586776859
664 4897990.537549407
665 4886992.94921875
666 4656203.474074074
667 3445397.4274509805
668 6061353.677902622
669 4585017.096899224
670 5430211.519685039
671 5424122.553097345
672 5081620.6913043475
673 4158877.37398374
674 5571322.609848484
675 4070894.3787234044
676 4877632.161434977
677 4889101.616
678 4868705.381742738
679 6000430.733333333
680 5463611.043103448
681 4352968.528089887
682 6022820.645390071
683 4957929.685823754
684 4170266.9116465864
685 5547334.393382353
686 6286745.923694779
687 4090742.1825095057
688 4558180.579925651
689 3940722.3849372384
690 4176524.7190082646
691 4149941.734177215
692 5660668.305555556
693 4409910.321568628
694 5745502.57254902
695 5234810.036585365
696 4325138.17535545
697 4511490.821969697
698 4716953.046511628
699 5340626.859375
700 6299523.393939394
701 5450786.402826855
702 5760401.654471545
703 4980175.469827586
704 3676138.846456693
705 5729641.796296297
706 5614483.682008368
707 5547998.194092827
708 5035566.706349206
709 5567351.907692308
710 5758606.241071428
711 6114537.5335820895
712 5556851.726530612
713 5535255.90459364
714 5652463.354961832
715 5138507.1171875
716 4580071.983870967
717 4495116.623966943
718 3838462.8384615383
719 5653750.0
720 6013461.43153527
721 5208869.785425101
722 4924564.259689922
723 5219117.125
724 6032252.6
725 5521654.303643725
726 4857748.403225807
727 5068192.693965517
728 6199588.1050583655
729 5232977.093984962
730 5327027.95951417
731 6157456.561643835
732 5664920.372093023
733 5444560.818897638
734 4470719.888461539
735 5903804.82278481
736 4640660.871886121
737 5168984.08467742
738 6350307.543554007
739 6925280.2727272725
740 4801464.6147540985
741 7123734.955645162
742 6525130.530120482
743 6081194.601895735
744 6515273.638888889
745 4467879.048387097
746 6323071.315789473
747 4619492.582375479
748 4278891.689138576
749 6232241.924603174
750 4619841.303703704
751 4896050.899253732
752 5945507.967213115
753 5474602.301724138
754 6273847.5335820895
755 5054611.61632653
756 5125899.4
757 5490445.481818181
758 5073590.655319149
759 5484082.860082304
760 5908856.544776119
761 7223820.230125523
762 6528708.473895582
763 5784023.76984127
764 5057289.7296137335
765 7433220.384
766 4858127.809160305
767 6000998.102564103
768 6874034.232824427
769 6415376.786259542
770 6557287.47368421
771 6502299.370967742
772 5575514.972549019
773 5769073.710144928
774 6173198.614406779
775 7177568.925925926
776 5675711.858823529
777 6616521.563063063
778 5051621.278884462
779 7201189.304832714
780 6774314.687763713
781 5472996.922018348
782 6683838.5
783 6481396.441860465
784 4755182.149812734
785 5949639.602941177
786 7537969.138059702
787 5867655.5020408165
788 5879859.507874016
789 5501475.696850394
790 5361420.575396826
791 7676806.9927007295
792 7031692.921052632
793 5050324.323275862
794 6526597.2
795 6032454.5
796 5956012.44214876
797 6495195.666666667
798 6621068.188596491
799 5292304.590163934
800 6623295.836575875
801 5762549.552301255
802 7508829.182835821
803 6326019.942731277
804 5093824.960352423
805 5566849.064
806 9860435.584
807 6294926.875486381
808 5966732.585365853
809 6445676.349809886
810 7080325.214574899
811 7949311.164750958
812 1.0427367617424242E7
813 6571242.047413793
814 5591103.607438017
815 7934217.5018867925
816 5795591.658436214
817 6160041.9664179105
818 6644138.539823009
819 6585939.95112782
820 5892586.110638298
821 6358626.476987448
822 6876775.8828125
823 5688061.192
824 5539271.030888031
825 7756885.305555556
826 7426812.822834645
827 6867699.383966245
828 6808793.481927711
829 8146451.558232931
830 8843027.728395062
831 9075294.894957984
832 7070658.670886076
833 6913445.080882353
834 6148067.145748988
835 6281727.892857143
836 8493848.200873362
837 6852392.668
838 7862490.307692308
839 8784617.04609929
840 7222609.84765625
841 9697057.06557377
842 6647680.611607143
843 6832085.348754449
844 7204139.954166667
845 1.0476319653846154E7
846 6420737.201877934
847 8915167.245967742
848 7553501.61660079
849 5758810.5813953485
850 6235461.693277311
851 8980788.762331838
852 7372853.959349593
853 9968630.548117155
854 8796532.155378487
855 7382974.532319392
856 1.0551986011583012E7
857 6749332.185770751
858 6807928.884328358
859 4395691.720164609
860 6456945.366812227
861 9028864.116981132
862 8670370.260330578
863 8218560.204081632
864 8401628.981981982
865 7042601.541322314
866 6665786.004273504
867 7471415.077490775
868 8935702.10041841
869 5583908.829875519
870 8649424.013157895
871 6551200.907172996
872 8661925.842857143
873 6749183.344444444
874 9495824.846846847
875 7977852.24
876 6973203.043307086
877 1.1245705800865801E7
878 7215479.146953405
879 5237548.505703422
880 1.1304015528634362E7
881 6381574.944
882 9901589.504032258
883 5806217.658914729
884 1.6481172015748031E7
885 1.1846582233962264E7
886 7797112.167938931
887 8085888.960474309
888 7144768.955645162
889 9370206.300724637
890 9311071.520599252
891 6440674.550660793
892 2.0093419897540983E7
893 6233270.284552845
894 1.5979628052E7
895 8492300.98880597
896 1.330235563559322E7
897 9037144.734042553
898 9093819.49180328
899 1.3583648550561797E7
900 1.2957032E7
901 7243272.369918699
902 6409277.682170543
903 1.0010031632653061E7
904 2.8008009354330707E7
905 1.0383740733606558E7
906 7427951.452471483
907 5999186.71886121
908 7425381.915057915
909 1.0195674962121213E7
910 8572913.333333334
911 1.1515017587360594E7
912 1.2096309925764192E7
913 1.0159042946360154E7
914 7766414.8427419355
915 7052295.281124498
916 7671860.543568465
917 1.5621010391836734E7
918 1.6812853636752136E7
919 1.1140786984189723E7
920 1.0150336643137256E7
921 6789818.817073171
922 3.2213869602620088E7
923 1.407362623931624E7
924 9950769.138211383
925 1.359097677092511E7
926 1.2058868601593625E7
927 7304352.6789667895
928 1.0656472707407407E7
929 6.920072298168498E7
930 1.7441578509433962E7
931 9484063.012096774
932 1.2582467017167382E7
933 1.1791497193675889E7
934 7853809.58
935 2.686704016872428E7
936 7238086.943661972
937 2.7955658178423237E7
938 9210162.38116592
939 7386481.429149797
940 9177279.590361446
941 9.065296977153558E7
942 8270233.064056939
943 1.1763940837209303E7
944 1.1301394035019455E7
945 8436068.441295547
946 5.020631886016949E7
947 5474404.3771929825
948 9882068.939814815
949 9783552.238095239
950 9389321.802419355
951 6635975.302222222
952 2.1798739995951418E7
953 1.312614783011583E7
954 3.2840214836956523E7
955 8731042.485596707
956 2.1277867616033755E7
957 8.53302950909091E7
958 2.0716636039130434E7
959 1.2720035501976285E7
960 6262159.534615384
961 9155696.773584906
962 1.2233622120155038E7
963 1.1052226853061225E7
964 1.848581707305936E7
965 1.755641173161765E7
966 1.1840739757322175E7
967 1.1754651797665369E7
968 2.9190790516666666E7
969 7544493.909090909
970 8200202.751851852
971 4.521023164777328E7
972 9326319.973913044
973 2.816250734939759E7
974 2.4165694582644626E7
975 1.8803623625E7
976 6829649.373584906
977 1.0868908904958678E7
978 1.1644736806451613E7
979 7.402807401276596E7
980 7549254.174242424
981 2.9539230866952788E7
982 1.6482151387755102E7
983 2.3450915888888888E7
984 7744747.620553359
985 2.0088699141700406E7
986 5.30879452893617E7
987 9710687.852112677
988 1.973040037398374E7
989 1.0096986E7
990 1.1127354146718146E7
991 7.143622765461847E7
992 8540725.9609375
993 1.6468519103004292E7
994 9.024566566396761E7
995 8.089390537899543E7
996 1.710132495819672E8
997 1.6923263869090907E7
998 8169667.316205533
999 1.4437066041700405E8
