1 2195.769230769231
2 49388.870588235295
3 2181.734375
4 28151.13924050633
5 57908.792207792205
6 2207.4315352697095
7 43792.23131672598
8 80600.90163934426
9 4627.905579399142
10 25714.693227091633
11 58014.60173160173
12 157297.57195571956
13 52551.102040816324
14 148955.02845528454
15 89485.06691449814
16 76379.04744525548
17 74840.47126436782
18 52778.68871595331
19 84947.78947368421
20 71585.63940520446
21 123587.77777777778
22 190608.7857142857
23 149030.76888888888
24 127210.2633744856
25 33923.34649122807
26 51405.1875
27 74628.00775193798
28 222415.46913580247
29 230772.4
30 123062.63265306123
31 184012.0299625468
32 175161.67441860464
33 69484.95925925925
34 146144.43726235742
35 154808.87632508835
36 142321.09160305344
37 208585.5502008032
38 217850.50869565218
39 103868.68825910932
40 203400.0612244898
41 189712.48484848486
42 228436.39591836734
43 160415.69565217392
44 300214.28044280445
45 195225.19366197183
46 145171.23954372623
47 225929.2016129032
48 210050.76666666666
49 176014.9518072289
50 200976.05703422055
51 355745.091954023
52 355737.8257261411
53 190482.3193277311
54 290267.56147540984
55 276330.02996254683
56 389336.14864864864
57 324832.1974248927
58 381471.5833333333
59 262027.77822580645
60 369330.94023904385
61 343211.03501945524
62 334909.55252918287
63 338678.0
64 214430.95384615383
65 305750.5590551181
66 367248.3714285714
67 183154.60805860805
68 372810.5325203252
69 203300.1771217712
70 194347.88235294117
71 439235.1622641509
72 366281.8232931727
73 186632.8536585366
74 351706.76923076925
75 296448.42307692306
76 486258.96788990824
77 349323.51526717556
78 372544.971659919
79 265991.7354085603
80 365047.038961039
81 337026.56031128403
82 222158.37410071943
83 366423.6393442623
84 356176.7804878049
85 566085.575
86 361246.69811320753
87 356870.3722943723
88 466902.8786610879
89 427746.2803030303
90 444408.55
91 308618.88053097343
92 420867.70175438595
93 485969.44855967077
94 387238.843866171
95 393454.3198529412
96 377669.4739130435
97 594223.0038167939
98 625391.2875
99 523181.1380597015
100 603271.9452054794
101 470068.0950570342
102 320081.68093385216
103 628975.9330855019
104 535246.5904059041
105 532381.8060836502
106 585775.7088122605
107 528429.7315175097
108 585805.9388646288
109 537752.1951219512
110 501323.7824427481
111 476636.9043478261
112 548010.1404958678
113 690263.59375
114 610311.3428571429
115 461799.02788844623
116 393269.70135746605
117 775801.2077922078
118 814507.2401574804
119 558169.3070866142
120 539446.6875
121 771832.6181102362
122 372064.8818565401
123 685617.7928286853
124 733372.0881226053
125 422879.1074380165
126 795120.5791666667
127 836464.7959183673
128 560892.7863247864
129 676104.16015625
130 799156.78
131 742047.4696969697
132 654207.4068441065
133 536839.4403669725
134 711374.3346938776
135 880418.5829596412
136 767646.5485074627
137 665502.7603305785
138 858081.0368852459
139 476966.8257261411
140 627318.004385965
141 552355.1646586346
142 633341.3430656934
143 511632.963099631
144 745402.7837837838
145 767708.08203125
146 885046.1688311688
147 610618.9629629629
148 574558.6397058824
149 720469.9509433962
150 738594.3632958801
151 849841.4310344828
152 881320.0542635659
153 951030.3203125
154 527273.8157894737
155 841924.8438818565
156 592347.2538461538
157 776088.8549019608
158 600232.2801724138
159 859906.9413919414
160 765520.1305970149
161 700733.8663793104
162 1048045.610878661
163 919753.3092369478
164 792370.4596774194
165 740040.2595744681
166 671394.5476190476
167 754767.7977099237
168 392476.95495495497
169 746864.5272727272
170 775522.1294964029
171 898885.0155642023
172 931232.9163179917
173 881518.9579831932
174 940926.8306451613
175 758970.0555555555
176 1159699.4776785714
177 989863.0810810811
178 969223.9246861924
179 703700.8196721311
180 1254084.376068376
181 788130.4589552239
182 914261.2047244095
183 982099.8192771084
184 1400532.0988142292
185 1016039.0224215246
186 1134956.181069959
187 820436.7511111111
188 1529098.610619469
189 993354.3727598566
190 853114.983805668
191 895958.3282442748
192 971322.0595238095
193 824175.8931623931
194 1184594.1832669324
195 1074993.162601626
196 904429.2163265306
197 1142901.9785714287
198 877539.9796747967
199 1049993.0224215246
200 1030426.9516129033
201 991062.5703125
202 940881.7482517483
203 1207100.8426573426
204 1011349.5495495496
205 965764.15
206 1125152.5065502184
207 1186292.90625
208 1066603.3037974683
209 867025.7529880478
210 1498846.6076923078
211 1229615.2720306513
212 921296.9173553719
213 1010634.8739495798
214 1312487.1769547325
215 800670.6582278481
216 1204690.129707113
217 1240750.164556962
218 975897.5807692307
219 934735.19921875
220 800047.8072289156
221 1129415.4892857142
222 1182783.8140350878
223 1036884.1818181818
224 978404.4955752213
225 1257573.752688172
226 1449800.9196787148
227 1151601.784
228 1060699.024911032
229 1099726.4338842975
230 1114021.9672131147
231 1102986.0347490348
232 1281941.65625
233 1426499.5702811244
234 1111164.9142857143
235 1186407.6106870228
236 815482.1347517731
237 1124889.12987013
238 981540.4717741936
239 1223496.0271317828
240 1001488.2265625
241 1525854.0753968253
242 1374673.8902439023
243 950896.162601626
244 1112635.2918454935
245 954981.3489361702
246 1427407.0423728814
247 1356908.8215613384
248 1154402.3376068375
249 862818.0265151515
250 1298901.7848101265
251 1383698.3595041323
252 1264154.39453125
253 1245868.0223214286
254 1493693.3347280335
255 1870517.6610169492
256 1276067.3171641792
257 1453200.6694915255
258 1221896.8333333333
259 1301787.5127118644
260 1389236.439849624
261 1402376.2450592886
262 1796037.9960784314
263 1458453.418772563
264 1523346.2958801498
265 1486986.142857143
266 1379444.34765625
267 1457644.202643172
268 963560.9770114942
269 1098368.6737588653
270 1442764.2547528518
271 1265500.3261802576
272 1982392.496183206
273 1160468.5282258065
274 1431175.554263566
275 1666977.995951417
276 1447978.94
277 1655132.2563176895
278 1082948.7518796993
279 1435635.7448559671
280 1546871.8106060605
281 1102513.6538461538
282 1323504.7677165354
283 2111742.2869198313
284 1287923.1984732824
285 1371746.0381679388
286 1498672.2773109244
287 1782086.0161290322
288 1165424.575221239
289 1424311.3307692308
290 1358186.4405286345
291 1180554.3382899628
292 1122237.2068965517
293 913410.670781893
294 1417625.8267716535
295 1912224.5081967213
296 1820319.7086614172
297 1537107.1260162601
298 1639712.6299559472
299 1332420.9027237354
300 1491690.82421875
301 2104310.350877193
302 1858044.7801724137
303 1496165.4417670683
304 1512269.06147541
305 1569361.0552995391
306 1138679.6923076923
307 1479622.4576271186
308 1020134.6885964912
309 1492653.7316017316
310 1482366.3321428571
311 1712365.9856630825
312 1772413.1843137254
313 1188367.1967871485
314 1930627.6484375
315 1521622.515037594
316 1779121.4070796461
317 1615176.1081081082
318 1775515.58436214
319 1765521.95951417
320 1792829.7424892704
321 1545133.3529411764
322 1745378.1059322034
323 1112801.9153846153
324 2046092.4085106384
325 1881363.8931623932
326 1879646.5447761193
327 1787827.766536965
328 1899792.893877551
329 1849434.717557252
330 1296045.4436090225
331 1824641.7291666667
332 1529809.0384615385
333 1742198.2074688796
334 2350737.474509804
335 2052520.501754386
336 1679142.7242990655
337 2128332.223880597
338 2146438.9477911647
339 1571640.5099601594
340 2522528.1666666665
341 1649256.6514522822
342 1919094.47601476
343 1596199.6216216215
344 1466789.5147679325
345 1786780.7974137932
346 1948275.8729508198
347 1539660.650793651
348 2309855.7566539925
349 1891964.4095238096
350 1685475.86328125
351 1780008.972027972
352 1765888.9615384615
353 1806919.737254902
354 2155112.3661417323
355 1799715.6260869566
356 2097734.263157895
357 1886607.8983739838
358 1685400.188976378
359 1751893.578125
360 2202332.5347985346
361 2275319.734939759
362 2094878.1814516129
363 1921271.2424242424
364 1788140.540909091
365 2338420.29390681
366 1916865.561752988
367 1624539.3318777292
368 2260954.243137255
369 2857106.678700361
370 2825759.5691056913
371 1864011.929752066
372 2294707.8023715415
373 1883632.6297872341
374 1598675.8688524591
375 2231378.946969697
376 2066247.987654321
377 2580386.764
378 1865626.4666666666
379 2317202.4170212764
380 2265575.5078740157
381 2437861.4466403164
382 1933960.9291044776
383 2220464.5974025973
384 2430435.2112068967
385 1984372.604347826
386 1965386.3470149254
387 1826064.7227272727
388 2280570.1370967743
389 2156587.958677686
390 2477506.858974359
391 2279547.1056910567
392 2092549.6017316016
393 1742365.4659090908
394 1847553.3303964757
395 2262801.272401434
396 2134025.625531915
397 2592813.644897959
398 2372815.379032258
399 2383678.3908045976
400 2420324.2164502162
401 2132402.324110672
402 2221063.8333333335
403 2108244.5928853755
404 2394714.926739927
405 2209761.6666666665
406 2558490.52244898
407 2112036.2713178294
408 1510943.7632653061
409 2443077.118644068
410 2776697.5097276266
411 2891719.2798634814
412 1810047.8106796117
413 2520798.711111111
414 2502230.0216606497
415 2151329.387596899
416 2474194.599303136
417 2428595.7843137253
418 2922418.0753968256
419 2747719.618852459
420 2086605.1908396946
421 2044440.7677902621
422 2836596.0887096776
423 2919766.874509804
424 2270163.440677966
425 2627857.7673267326
426 2181075.6231343285
427 2651041.528
428 2288215.9135802467
429 2474780.6652719667
430 2301760.2851405623
431 2659309.810810811
432 2182120.5481171547
433 2419736.498069498
434 2276672.2284644195
435 3294009.589353612
436 2491013.4336917563
437 2861522.6188679244
438 3132883.579766537
439 2587645.8777292576
440 2874408.7954545454
441 2323977.488986784
442 3081787.5850622407
443 2650619.646853147
444 2055453.9338842975
445 2961872.8232758623
446 2876581.974683544
447 2841621.1507936507
448 2529931.2401746726
449 2663084.201793722
450 1991265.2178988326
451 2886919.809716599
452 2962201.417721519
453 2505186.23553719
454 2451005.6913580247
455 3120400.811158798
456 2872771.7884615385
457 1851314.829059829
458 2735012.381322957
459 2459056.456
460 2856631.541832669
461 2639097.1646090536
462 3086129.5520361993
463 3086189.528
464 2190487.709090909
465 3003937.182156134
466 2360332.357692308
467 2765988.5090909093
468 2767224.2298850575
469 2238936.4854771784
470 2990297.1856540083
471 3219575.0325203254
472 3303386.348
473 3162586.4847328244
474 2418928.6861924687
475 3710979.120833333
476 3097460.8171206224
477 3341407.399141631
478 3129013.0572519084
479 2594671.6383763836
480 3258654.3333333335
481 2439109.862660944
482 3132841.5019157086
483 2496705.7651821864
484 2805739.185185185
485 2838586.76146789
486 3380965.8733624453
487 2374155.768382353
488 4072744.3558052434
489 3352353.318007663
490 2877726.9826086955
491 2776496.2073170734
492 2671796.5714285714
493 3334287.914728682
494 3625173.848605578
495 3673406.135338346
496 3852251.40625
497 2997088.8780487804
498 3274969.711111111
499 2966703.334661355
500 3024978.6137339054
501 2542179.718487395
502 3145343.1380597013
503 2811179.4435797664
504 3921888.451327434
505 3121921.8076923075
506 3930291.068
507 3919001.8577405857
508 3230910.537549407
509 2332744.5682656826
510 2945160.012145749
511 2594980.0524193547
512 3076035.795744681
513 2941182.4658634537
514 2754486.6092436975
515 4203330.995515695
516 3130011.28627451
517 3686163.2024291498
518 3845603.4098360655
519 3645965.479400749
520 3515158.606741573
521 3206705.9777777777
522 3118291.8285714285
523 3195224.703007519
524 3966976.6136363638
525 3003837.285714286
526 2874928.888446215
527 2678488.9677419355
528 3452889.1578947366
529 3327294.369747899
530 3562380.336
531 3789944.969230769
532 3024437.6170212766
533 3306184.231111111
534 3481717.4368231045
535 3958122.2433460075
536 3550523.054054054
537 3005020.5498154983
538 4294263.264227643
539 2968328.4096385543
540 3582646.05
541 3721565.2712550606
542 3152890.9
543 4016546.966666667
544 3234269.479508197
545 3368627.436734694
546 3383327.633484163
547 3723145.3587786257
548 2595830.0833333335
549 4437117.157303371
550 3318915.2845528456
551 3829479.1046025106
552 3610603.78
553 2991446.064935065
554 3288302.8534798534
555 4264654.372693727
556 4259877.21875
557 3932142.3800738007
558 3852918.1153846155
559 3141519.7374517373
560 3551990.5
561 3218414.295019157
562 2816160.5853658537
563 3437282.9323843415
564 3745781.034188034
565 3830490.7876447877
566 3558332.9346938776
567 4092245.8326359834
568 4370584.445414847
569 3901534.0162601625
570 2738924.926923077
571 3351400.1923076925
572 3287141.7023809524
573 3513696.661596958
574 3667118.946153846
575 4171412.9837398375
576 3264377.736641221
577 3439706.0384615385
578 4685841.2862745095
579 3713795.698795181
580 3798241.9115384617
581 4215404.928
582 3415745.6419213973
583 3469591.9552845526
584 3655927.355555556
585 3628688.0826086956
586 4215204.432539683
587 4764871.889795918
588 4698129.324561403
589 4070665.7566539925
590 4157187.5546218487
591 3843846.552173913
592 4461614.212598425
593 3432502.730496454
594 3744882.4628975266
595 3752073.2054263568
596 4133134.5572519084
597 4142713.625550661
598 2706258.149812734
599 3819401.87398374
600 3978964.3191489363
601 4204217.6983471075
602 4579845.025179856
603 5225534.357414449
604 4329349.177777777
605 5042243.482071714
606 3633506.1529850746
607 3103105.5537190083
608 3564435.996138996
609 3713559.5286885244
610 3004174.284671533
611 4802604.579831933
612 3423500.784860558
613 3542947.0
614 4160208.5247933883
615 4232833.164502164
616 3689659.727272727
617 3932595.867647059
618 5216768.188888889
619 6443602.140969163
620 4006452.895348837
621 3217878.360153257
622 4934899.178137652
623 4530594.325892857
624 3849114.8181818184
625 4313674.504
626 4814850.806949807
627 3957302.9606299214
628 3830378.4555555554
629 4762621.698198198
630 3965881.9122807016
631 3383674.6706349207
632 3699368.0446096654
633 3609540.937254902
634 4520444.5344827585
635 4889058.895348838
636 3993585.6332046334
637 3575437.646209386
638 3633640.4188679247
639 4178354.3382899626
640 4241595.0
641 3174696.029411765
642 4621919.762589928
643 4666863.220408163
644 4885008.816479401
645 4896906.183333334
646 4387165.086206896
647 4496927.843636364
648 4592156.154929577
649 4551146.055776892
650 4300060.094827586
651 5403409.864978903
652 4376767.36121673
653 5058358.068807339
654 4101044.9775280897
655 4105566.9402985075
656 4928412.354700855
657 4466213.65625
658 4524828.565573771
659 4327913.34334764
660 3719657.729452055
661 4697329.856589147
662 4131966.712
663 4802360.243027888
664 4543542.835820896
665 5394333.580152672
666 4410231.498069498
667 6088261.636734694
668 4509563.479508197
669 5047181.506666667
670 4149404.243445693
671 4226919.158730159
672 4560844.541044776
673 4522302.225
674 5764372.264705882
675 4455030.798449612
676 4811406.237226278
677 4017993.5784753365
678 4211142.674509804
679 4236724.911764706
680 5698531.995652174
681 4934308.357976654
682 5729485.9049586775
683 4316499.406504065
684 4986032.422222222
685 4104276.7581227436
686 5624076.991902834
687 4756867.857142857
688 3675637.0
689 5070098.610687023
690 4405569.751037344
691 4950085.854251012
692 4084053.1964285714
693 5498166.447876448
694 5366516.025270758
695 4806100.250965251
696 4572170.32
697 5391799.555555556
698 4603763.114406779
699 5310822.08203125
700 6348094.704035874
701 4787708.181818182
702 3625321.0076923077
703 4625296.329059829
704 5221507.5148936175
705 5453567.2988505745
706 5536338.43129771
707 5274915.693726937
708 5660442.14
709 4044773.980842912
710 4644161.92244898
711 4590570.326848249
712 4792033.203389831
713 5320446.585365853
714 5074775.960784313
715 4316062.968531469
716 5511922.514705882
717 5040752.472
718 5449643.877637131
719 5303439.372759856
720 7004015.537906137
721 6845948.9875
722 4772574.129310345
723 4388493.397003746
724 5558704.661538461
725 5490977.00896861
726 4387075.338582677
727 6559317.6
728 5685538.509433962
729 5352321.428571428
730 5908203.655737705
731 5150934.378600823
732 5803001.840304183
733 4703654.03030303
734 4604455.896414342
735 5232343.4812030075
736 4922319.438461538
737 5921695.8949416345
738 5958901.426778243
739 4958240.745454545
740 5487449.387832699
741 6410066.329004329
742 6320075.950207469
743 6233450.50627615
744 4135183.2091254755
745 4575764.7913385825
746 4748834.688034188
747 5783813.196850394
748 5056143.950381679
749 6098761.548638132
750 7484479.902654868
751 6412602.349775785
752 5966263.606425703
753 6893089.123966943
754 4644161.808943089
755 6531785.805907173
756 4543077.346153846
757 5362251.930131004
758 5622682.019920318
759 6785361.366812227
760 5404725.452173913
761 5319456.857142857
762 6282135.677042802
763 4847125.299212598
764 6799232.879310345
765 6580768.786821705
766 5285440.7727272725
767 5580910.927350427
768 5491520.156
769 5221290.835164835
770 6735070.406130268
771 5694569.333333333
772 5521354.868
773 5618580.226495726
774 5021491.314741036
775 5231313.525547445
776 4860239.824267782
777 4937648.7402597405
778 6069862.871794872
779 5307751.255319149
780 8621948.004115226
781 8162624.276923077
782 5749581.258964144
783 6455748.661417323
784 6305898.51417004
785 5707886.928301887
786 6094771.209486166
787 6091176.576612903
788 5690682.344680851
789 6949906.621722846
790 6384997.904
791 5643644.98245614
792 5798415.339552239
793 5838414.856031128
794 4810398.230434783
795 6998710.103585658
796 5915469.020408163
797 6353125.468253968
798 6532541.717054264
799 6408561.659751037
800 6228648.680608365
801 5786517.386666667
802 6796567.823255814
803 6059760.294573643
804 5997482.202531646
805 5680790.9662921345
806 6397819.1660377355
807 5577896.322344323
808 4675678.985018726
809 5287029.531914894
810 6642049.303846153
811 6393512.648888889
812 6399985.790513834
813 7183587.9812030075
814 6705644.351778656
815 5755903.991967872
816 6327691.422641509
817 5277927.32780083
818 5484853.5
819 8533478.424369749
820 6749838.438735178
821 8563963.46875
822 5119169.31147541
823 6838079.369918699
824 7269528.0962343095
825 7416132.069958848
826 6813493.125
827 6411988.907630522
828 7173789.290983606
829 8615616.157692308
830 6858380.1496350365
831 5196949.96875
832 5493085.8771929825
833 5945679.337301588
834 7495531.965116279
835 7778117.806722689
836 8267036.5458167335
837 5486226.94795539
838 6576876.03968254
839 6306519.126984127
840 5407321.225531915
841 6875352.053846153
842 6992428.530120482
843 6790903.21686747
844 5973254.732758621
845 6742876.352459016
846 1.0950600742307693E7
847 6443365.420634921
848 7348626.143382353
849 7353891.678571428
850 5462526.694852941
851 5152787.389513109
852 1.024031227755102E7
853 6248329.950570342
854 6068869.363265306
855 6525418.6872727275
856 7691994.497991968
857 6097136.430188679
858 6953559.508
859 1.2441840615384616E7
860 4528648.2406639
861 7085798.6639004145
862 7825268.995884773
863 7473593.19665272
864 6339213.975806451
865 7003041.011538462
866 6129160.538461538
867 8452197.57421875
868 6318975.0711610485
869 6136980.120622568
870 6103222.187265918
871 6992672.9327731095
872 6695736.6626016265
873 8881725.835443038
874 6187579.282051282
875 8583666.098425196
876 1.134475077631579E7
877 1.8567313440613028E7
878 7476137.419708029
879 7708253.13877551
880 7862613.8
881 9959666.204918033
882 8670011.611353712
883 7154038.75502008
884 7906898.923076923
885 2.063778907522124E7
886 1.4241388202290077E7
887 7732794.600775193
888 1.3034284440329218E7
889 6797908.569672131
890 9084583.081300814
891 7187308.918181818
892 8447468.67063492
893 1.2138498361867703E7
894 1.1667777798206277E7
895 6650761.196969697
896 9661787.470119521
897 5721392.92481203
898 8542086.545454545
899 7167580.653846154
900 8630947.194915254
901 6270965.565957447
902 6691683.69348659
903 7753273.752066116
904 1.358589310878661E7
905 8291069.654804271
906 7133169.537037037
907 7004171.6081632655
908 8487051.288808664
909 8771900.65283019
910 1.5394814567272726E7
911 1.471893081007752E7
912 7403545.457983193
913 6625563.642570281
914 6493998.950570342
915 7963221.707112971
916 5.087380356060606E7
917 9334792.31496063
918 1.1148611497991968E7
919 7335825.536679537
920 8855933.027559055
921 2.6797660941908713E7
922 1.5624586027027028E7
923 6719744.469635627
924 9020416.977272727
925 7149799.613636363
926 8247765.647058823
927 1.3424120126353791E7
928 1.0683194138888888E7
929 7884553.060377358
930 8067847.338709678
931 1.5156960526530612E7
932 5.784656350205761E7
933 6.5878358305019304E7
934 1.4132219259398496E7
935 6690973.733333333
936 7302634.27734375
937 8836118.574074075
938 3.655111979487179E7
939 7.724059290534979E7
940 1.2739195709803922E7
941 1.194977073076923E7
942 7796078.542435424
943 9264906.684647303
944 4.594422919402985E7
945 8745653.841666667
946 1.032453469787234E7
947 6911676.824
948 8546309.2375
949 6783620.159292036
950 1.8002313979757085E7
951 3.055338687250996E7
952 4.7548962458483756E7
953 7327351.169354838
954 1.1507897992857143E7
955 7922352.768339768
956 1.0806229782258065E7
957 1.90262369375E7
958 2.1236342977578476E7
959 1.4176102944444444E7
960 2.3770358538812786E7
961 2.193258072244898E7
962 2.0235536441441443E7
963 1.6464443995901639E7
964 7374837.764705882
965 8937223.844748858
966 7970491.35
967 1.4279325952991452E7
968 6029407.724696356
969 3.5999544042553194E7
970 8353170.568548387
971 7302229.527196652
972 2.082286148275862E7
973 7438965.77734375
974 8984994.743589744
975 1.5038650259414226E7
976 1.4191224330508474E7
977 1.2636661788888888E7
978 2.061783258712121E7
979 1.2367755416342413E7
980 2.4004368517391305E7
981 2.252491257399103E7
982 7841268.348547718
983 2.837993596124031E7
984 1.7326408869387753E7
985 2.47666586E7
986 1.1640065613043478E7
987 8024914.68
988 6.550261020967742E7
989 1.0881975008298755E7
990 9830311.158102768
991 3.413916738235294E7
992 6519852.802371541
993 6905591.422924901
994 1.2467085442687746E7
995 7.650793886440678E7
996 4.0116139533596836E7
997 1.6224502987804879E7
998 3.4544555247826084E7
999 1.962940588E7
