1 2201.6863905325445
2 2202.3742331288345
3 2185.8053691275168
4 35776.15337423313
5 2191.7297297297296
6 2202.6369863013697
7 4611.756578947368
8 67883.69325153374
9 4987.903846153846
10 2277.8141025641025
11 35248.396449704145
12 2192.4662162162163
13 32827.56
14 4931.319526627219
15 136472.53416149068
16 69202.84117647058
17 157478.27586206896
18 37440.15625
19 37537.23870967742
20 38993.975155279506
21 81842.88741721855
22 104263.27777777778
23 83765.97857142857
24 106512.46103896105
25 37664.0
26 37465.3375
27 149592.44871794872
28 70637.87005649718
29 70014.55151515151
30 4068.6022727272725
31 126213.35172413793
32 218217.2451612903
33 33361.50588235294
34 72581.16363636364
35 142284.9705882353
36 83580.65492957746
37 84986.75
38 74689.89440993789
39 176280.93037974683
40 83687.700729927
41 40717.810975609755
42 146310.6103896104
43 148002.53048780488
44 163578.74705882353
45 213176.15625
46 82500.57692307692
47 145669.9612903226
48 167686.94152046784
49 388707.1904761905
50 145842.88198757765
51 195859.25170068027
52 36936.68098159509
53 121963.86131386862
54 197324.64772727274
55 106425.01212121212
56 198458.44736842104
57 214824.5668789809
58 41842.253086419754
59 170328.0652173913
60 233898.05917159762
61 275662.4277108434
62 81341.57142857143
63 123193.36690647482
64 198317.79545454544
65 284006.34265734267
66 160069.02083333334
67 75141.90066225166
68 246155.1572327044
69 156002.13286713287
70 197719.08860759492
71 279418.06097560975
72 215536.0
73 224968.09210526315
74 173422.45112781954
75 127055.18
76 239811.90410958903
77 366133.3076923077
78 194993.6936416185
79 101518.87005649718
80 369372.7032258065
81 308033.9375
82 339543.3489932886
83 219613.20994475138
84 152183.0487804878
85 337958.6875
86 282942.5333333333
87 290967.5547445255
88 251220.0974025974
89 266086.1176470588
90 338093.52777777775
91 556323.4214285715
92 369364.56962025317
93 240641.82941176472
94 316995.1611111111
95 419809.50837988826
96 375493.9054054054
97 356451.95774647885
98 225179.05806451614
99 298804.53594771243
100 386956.20408163266
101 361731.858974359
102 360484.5263157895
103 309547.81379310344
104 470465.986013986
105 465766.21965317917
106 399475.858974359
107 412059.343373494
108 496432.04375
109 333231.0354609929
110 418482.5734265734
111 362241.24025974027
112 481503.5681818182
113 315022.845
114 345451.6285714286
115 349690.20245398773
116 406961.5620915033
117 187793.32142857142
118 345221.73287671234
119 569918.3836477988
120 338434.45185185183
121 565984.7393939394
122 393897.55479452055
123 567625.5133333333
124 269820.6845637584
125 391674.25157232705
126 528678.7709497206
127 348972.1204819277
128 374446.58088235295
129 687635.6202531646
130 160581.72077922078
131 492612.39864864864
132 407416.2875
133 357542.49689440994
134 596516.3117647059
135 394232.60256410256
136 643459.2303030303
137 517363.8218390805
138 478384.60130718956
139 565253.4022346368
140 529131.5285714286
141 524111.0743243243
142 561149.6115107914
143 267601.5
144 383898.74074074073
145 255901.99180327868
146 583298.3410404624
147 483197.39716312056
148 372544.3333333333
149 384655.5887096774
150 650694.7610062893
151 494147.4900662252
152 880897.9588235294
153 324877.1830065359
154 408062.23214285716
155 381792.6541353383
156 436205.50757575757
157 760820.7808219178
158 508693.3566878981
159 376243.3774834437
160 465976.9463087248
161 663156.4640522876
162 546883.4610389611
163 692848.012345679
164 733496.2578616352
165 529370.7405063291
166 481179.8039215686
167 1096426.829113924
168 874735.0735294118
169 813561.5032679739
170 720640.032051282
171 401941.3885350319
172 378794.6892655367
173 783657.6754966887
174 446733.5466666667
175 305696.6914285714
176 480095.5436241611
177 562883.582781457
178 502413.0275862069
179 767410.6493506493
180 532409.0193548388
181 453799.2228915663
182 915119.5243243243
183 606115.6666666666
184 807148.6050955415
185 429730.6050955414
186 801523.0939597315
187 768219.2839506173
188 373551.0068493151
189 528397.0642857143
190 560689.4861111111
191 521193.97402597405
192 708871.1
193 672761.0467836257
194 810860.9735099338
195 635857.5220125787
196 430609.7586206897
197 682386.7733333333
198 611062.8089171974
199 698416.3428571429
200 447487.09604519774
201 757935.7514450867
202 705570.4142011835
203 614408.7375886525
204 572286.8897637795
205 547762.8231707317
206 951981.6402877698
207 598081.1294117647
208 622842.264516129
209 632234.0902777778
210 662113.7554347826
211 549574.6878980892
212 433580.9881656805
213 621326.503649635
214 633788.86
215 730055.9941520467
216 513575.9935483871
217 954627.8486842106
218 720373.56
219 786551.748427673
220 967088.048951049
221 813481.7251908397
222 745006.794520548
223 922155.3677419355
224 887494.7151515152
225 647930.7444444444
226 502615.54248366016
227 649291.4142857143
228 479631.7
229 334621.33088235295
230 771319.3825136612
231 1019768.6710526316
232 627978.1352941176
233 1017204.572327044
234 829387.0178571428
235 737039.3103448276
236 791163.5739644971
237 754662.1470588235
238 908053.2684563758
239 926799.7608695652
240 929952.3260869565
241 799794.8253012048
242 877942.7457627119
243 626254.8529411765
244 587691.183908046
245 1037410.5279503106
246 851340.9607843137
247 758006.3612903226
248 827436.7090909091
249 505741.5732484076
250 606327.550295858
251 584273.152866242
252 946820.6211180125
253 1006119.729281768
254 825398.8076923077
255 1169968.8895705522
256 787478.0533333333
257 983401.3262032085
258 811531.3783783783
259 1187754.4363636363
260 911947.0616438356
261 688812.5238095238
262 911003.8874172185
263 1263938.9041916167
264 1037221.4871794871
265 838819.227027027
266 975527.4634146341
267 1042126.5149700599
268 765574.3381294964
269 1023886.1304347826
270 956438.2876712328
271 766132.0591715976
272 662898.6137931035
273 923481.7906976744
274 1046420.3735632184
275 766490.1216216217
276 1030709.1180555555
277 714777.1971830986
278 909271.0065789474
279 953277.7018633541
280 1053691.5035460992
281 1135799.2916666667
282 876829.6907894737
283 993306.6305732484
284 871773.3209876543
285 712762.9124087591
286 621358.5037593985
287 991804.1721854304
288 946735.4651162791
289 572027.8954248365
290 1222450.5541401275
291 1043716.0127388535
292 1055783.5586206897
293 955167.7573529412
294 1004634.664556962
295 782400.4065934066
296 1355855.9875776398
297 1153096.3218390804
298 1050194.7844311376
299 1367005.9122807018
300 950669.3907284768
301 784487.5529411765
302 821359.260115607
303 1243967.0827586206
304 1005314.9447852761
305 1088904.5310734464
306 819533.5144927537
307 1198441.1911764706
308 1301983.0533333332
309 895453.9027777778
310 1131519.0930232557
311 1066014.1666666667
312 932778.1210191083
313 1516772.9102564103
314 706635.4610389611
315 823396.9867549669
316 976138.0604026846
317 1041426.1397058824
318 1196025.2052980133
319 856917.7092198582
320 1069936.8280254777
321 1341353.3741496599
322 1283764.576923077
323 1381721.850931677
324 1089289.83125
325 943464.4431818182
326 1184372.5609756098
327 894541.063583815
328 1208902.380952381
329 1106181.0
330 1123896.7320261437
331 976695.219858156
332 1187742.2083333333
333 1058802.0934065934
334 1400228.968553459
335 859992.4962406015
336 1291273.4551724137
337 1696580.875
338 1101511.7902097902
339 1074172.25
340 1271231.842857143
341 1888616.240506329
342 1263343.2617449665
343 1355904.3184713377
344 1423446.1194968554
345 1067793.7535211267
346 1094221.6703296704
347 1006593.3881578947
348 1462693.0331125828
349 1645132.3513513512
350 1446899.6094674557
351 1028387.0126582278
352 1050278.474074074
353 894616.1656050956
354 1196417.4407894737
355 1023089.8461538461
356 1065290.4529411765
357 1070293.796511628
358 1391363.9885714285
359 1778721.689189189
360 802040.8982035929
361 956219.4324324324
362 920560.3892215568
363 954659.5177304965
364 1173724.094890511
365 1532424.93220339
366 1000259.38
367 1100493.2937853108
368 1311135.861111111
369 1139338.6751592357
370 1192920.3493975904
371 1457557.5157232704
372 1379589.625
373 1293404.7655172413
374 1247485.64375
375 1237102.06875
376 925411.472392638
377 1563740.435897436
378 1182643.037037037
379 1381739.2739726028
380 1225375.6
381 1059449.4709302327
382 1566373.6737588653
383 1483764.237804878
384 1259766.56
385 1733001.462686567
386 1326701.0647058825
387 1847273.487654321
388 1242264.469879518
389 1273813.6626506024
390 1518528.2666666666
391 1322882.6973684211
392 1374653.537414966
393 1064500.7878787878
394 1222490.2587412586
395 1025731.0855263158
396 1517144.061728395
397 1478873.0958083833
398 1262382.2857142857
399 1186643.450617284
400 1072694.0205479453
401 1216859.6125
402 1349585.0204081633
403 1430710.1633986929
404 1307846.9401197606
405 944872.5423728813
406 1157382.5379746836
407 1713391.3287671234
408 1265234.522580645
409 1435144.013245033
410 943581.9119496855
411 1085788.8561643835
412 1448577.6931818181
413 1657956.38
414 1329329.5988023952
415 1100530.2571428572
416 1234853.0326797385
417 1282641.5418994413
418 1345242.798941799
419 1448681.2345679011
420 1432577.3024691357
421 1386340.8774193549
422 1473640.8012048192
423 1486544.0604026846
424 995569.6289308176
425 1652295.5722543353
426 2340949.1301775146
427 1627134.5855263157
428 1590403.3550724639
429 1639928.0397350993
430 1207644.1710526317
431 1701527.0062111802
432 1701231.7285714287
433 1280833.9066666667
434 1485819.2349397591
435 1452961.7236842106
436 1975667.8850574712
437 1566685.9683544303
438 1359881.9024390243
439 1510562.3377483443
440 2119230.8816568046
441 1524478.7394366197
442 1692516.0
443 1487626.4965986395
444 2095916.9467455621
445 1456875.8390804597
446 1690718.0722891567
447 1369488.8670886075
448 1611772.308139535
449 1409849.4319526628
450 1779346.2901234569
451 1542303.884057971
452 1618449.67721519
453 1520477.8525641025
454 2023324.059602649
455 1437732.055214724
456 1705220.253164557
457 1555054.1542857143
458 1559806.86
459 1542372.5256410257
460 1999511.2641509434
461 1455316.4624277456
462 1475400.3085714285
463 1501510.9047619049
464 1464398.3865030676
465 2111750.2587412586
466 1544041.897142857
467 1759792.9781021897
468 1831780.8113207547
469 1658209.828402367
470 1732844.187096774
471 1405563.686746988
472 1766312.255319149
473 2349713.374193548
474 1810261.7160493827
475 1979810.512658228
476 1771733.9868421052
477 1571353.2611464967
478 1961851.8766233767
479 1639214.1073825504
480 1691681.1524390243
481 1628160.4701986755
482 1429962.3488372094
483 1456931.1242937853
484 1656011.4251497006
485 2624861.5436241613
486 2267921.1764705884
487 1554625.2614379085
488 1746029.910958904
489 1304157.125925926
490 2053450.5155279504
491 1426046.6165413533
492 1548592.140625
493 1405851.6748466257
494 1616388.2077922078
495 1686557.0454545454
496 1993033.7030303031
497 1390778.4023668638
498 1460545.314465409
499 1378051.7885714285
500 1736092.7823129252
501 1917182.3773584906
502 2032351.4689265536
503 1808407.1059602648
504 1915591.52
505 1747433.4261363635
506 1297639.1741573033
507 1659805.0459770116
508 1858420.9240506329
509 1274642.82
510 1929641.8287671234
511 2362738.4054054054
512 1778468.2206896553
513 1597397.070921986
514 1756188.209150327
515 2165519.095588235
516 1203743.9298245613
517 2555104.5741935484
518 1526998.9032258065
519 1836517.8854961833
520 1825726.7253521127
521 2275560.0217391304
522 1905477.3472222222
523 1596571.5823529412
524 1671265.014084507
525 1363923.6762589929
526 1719592.0233918128
527 1558030.8620689656
528 1799766.2159090908
529 1765117.6785714286
530 2248359.048192771
531 1950130.1575757575
532 2086655.7088607594
533 1628462.829113924
534 2146495.0992907803
535 2354436.75
536 1748751.593220339
537 1813561.172839506
538 2013987.973856209
539 1627816.8902439023
540 1596080.5855263157
541 2045266.408759124
542 1709496.5973154362
543 1642417.5033112583
544 1613234.8321678322
545 1834401.2097902098
546 1548191.348148148
547 1846218.560283688
548 1311047.217948718
549 1871212.1324503312
550 1969714.5058139535
551 1428172.4088050316
552 1920211.2751677851
553 2266826.16374269
554 2108852.450617284
555 1609072.1575757575
556 1911967.262195122
557 1911161.189189189
558 1867049.1257861636
559 1637005.0503597122
560 2066743.9931034483
561 2675380.652173913
562 1668891.5689655172
563 1923699.8791946308
564 2724809.295180723
565 2614776.7
566 2972376.529761905
567 1713950.4
568 1827328.1794871795
569 2558046.8587570623
570 1853868.5954198474
571 2137047.824675325
572 2070658.9132947978
573 1749010.673076923
574 2129638.738372093
575 3418583.7040816327
576 1782711.781420765
577 2028270.987804878
578 2472056.310126582
579 2176553.367647059
580 1978504.5986394559
581 1929816.5086705203
582 2153930.0805369127
583 1781217.8295454546
584 1234275.1974522292
585 2018436.1088435375
586 2046114.4
587 2457973.942857143
588 2401179.0544217685
589 1798443.298013245
590 2282494.237804878
591 1849041.438271605
592 1464512.3293413173
593 2067225.775280899
594 1833048.201388889
595 2152425.0943396227
596 1580556.413580247
597 2183155.5548387095
598 2525991.814814815
599 2673897.186335404
600 2315657.0058479533
601 2266670.42
602 2307308.5621301774
603 2139465.0322580645
604 1995722.32
605 2998544.9698795183
606 2476330.496855346
607 1873068.5323741008
608 2064142.3372781065
609 2574642.9795918367
610 2205175.7
611 1833888.6232876712
612 1952426.1676300578
613 2215568.711409396
614 2413403.93373494
615 2063340.3403141361
616 1718640.8303030303
617 1815097.8707482994
618 2004634.2569832401
619 1945420.0820895522
620 1601806.335106383
621 1653836.013986014
622 1488996.475609756
623 1976718.036231884
624 2223915.365269461
625 2239519.104575163
626 3111026.350877193
627 3287036.537037037
628 2408514.8145695366
629 2298989.0211267606
630 1546468.589041096
631 1831576.7160493827
632 2736201.5986842103
633 1945755.2280701755
634 2156790.3410404623
635 2188804.1142857145
636 1752524.33125
637 2356891.425
638 2464638.9615384615
639 2777148.2214285713
640 1962736.3081761007
641 2756254.396226415
642 1858193.8053691275
643 1881053.1385542168
644 1907604.8902439023
645 2714338.981818182
646 1589378.6597222222
647 3468460.9426751593
648 2834696.856287425
649 2255774.8313253014
650 2393169.576388889
651 3193715.653846154
652 2374877.712328767
653 2823533.147727273
654 3198491.896551724
655 3076889.0211267606
656 1772373.6153846155
657 1919742.9117647058
658 1963332.3949579832
659 2544200.6716417912
660 2916558.625
661 2265348.540880503
662 2573398.3092105263
663 1908876.980263158
664 2617433.961038961
665 2219698.7045454546
666 4031221.098039216
667 2591021.821656051
668 3035462.1221374045
669 2008366.9121621621
670 2841958.9943820224
671 2136924.9213483147
672 2510678.3181818184
673 2791207.560810811
674 2144298.1319444445
675 1832384.619402985
676 2922480.258426966
677 2318330.298780488
678 2469585.5903614457
679 2844834.1346153845
680 2237490.3096774193
681 2502373.389261745
682 2138137.1835443038
683 3221555.6220930233
684 2537481.8087431695
685 2835164.8816568046
686 1962762.2956989247
687 2614911.173076923
688 3396316.9124087594
689 2419453.695945946
690 2031455.1533333333
691 2245641.4507042253
692 3219481.4295302015
693 2625790.095238095
694 2433724.911392405
695 2723803.6242774567
696 1986208.033557047
697 2726132.6333333333
698 3499050.6733333333
699 2441961.057142857
700 4184794.9329268294
701 2301540.411764706
702 2710049.973333333
703 2842044.4496644298
704 2399434.674698795
705 2340783.632183908
706 2141935.1315789474
707 2190941.263888889
708 3030012.8819444445
709 2471979.2814371255
710 2485654.27388535
711 1849558.6095890412
712 2695584.708791209
713 2495719.271523179
714 2429481.171232877
715 4786449.503184713
716 2165035.097222222
717 3372379.53125
718 2734396.9221556885
719 2654991.5375722544
720 2610531.95625
721 4307456.986928104
722 2207042.965986395
723 2818830.0823529414
724 2320287.345945946
725 2056538.101910828
726 2796968.5317919077
727 2708299.2808219176
728 2375739.327272727
729 1951595.2260273972
730 3427857.753012048
731 2289886.624113475
732 2379411.6242774567
733 2488761.3541666665
734 3872398.124137931
735 1980523.1666666667
736 2562245.460526316
737 2552146.724550898
738 3589476.953642384
739 2726610.761006289
740 2330940.458064516
741 2465630.111111111
742 2487573.6226415094
743 2460543.144927536
744 2491759.3586206897
745 3589392.012269939
746 3953542.14556962
747 3295321.796992481
748 2420002.6928104577
749 3249806.675862069
750 3218109.970238095
751 3337217.4895104896
752 2715063.389261745
753 3292515.319727891
754 2931913.909090909
755 3089025.592592593
756 4242696.916666667
757 3402841.6274509802
758 3769219.115151515
759 2111753.5703703705
760 3138977.1988636362
761 3045410.16091954
762 2394240.814814815
763 2668649.8525641025
764 5203076.073863637
765 4689445.671052632
766 3639221.6049382715
767 3170929.119205298
768 1998111.3691275169
769 5306141.496815287
770 2895472.0517241377
771 2696146.276595745
772 2416185.364197531
773 3761695.5738636362
774 2645798.1805555555
775 3113731.5899280575
776 4879275.738255033
777 2487185.574468085
778 4663062.231707317
779 2885935.6688311687
780 2694848.201342282
781 2644088.794701987
782 2643897.036585366
783 5559748.15131579
784 2292810.3658536584
785 3883283.1907894737
786 4654395.326923077
787 4730748.392473118
788 2908245.418918919
789 4116856.4805194805
790 5954290.625
791 4561498.180722891
792 2154297.7464788733
793 3864112.759493671
794 2952699.5060975607
795 3405018.3229813664
796 5062482.79113924
797 2497563.1627906975
798 4144049.6342857145
799 3233222.2532467535
800 2845311.5868263473
801 4042877.4460431654
802 4177440.625766871
803 6162728.153409091
804 2877557.793548387
805 5464639.578616352
806 6408030.751633987
807 2557192.97005988
808 3503882.6666666665
809 3203019.3647058825
810 2657339.4596273294
811 3769300.238095238
812 2830828.828767123
813 2921713.58
814 3874290.6627906975
815 2938701.896103896
816 8058323.701986755
817 3984332.6140350876
818 3338571.6933333334
819 3826201.1301369863
820 6871891.333333333
821 2516508.314285714
822 2809007.095808383
823 2456235.048
824 2660457.596273292
825 2394122.0684931506
826 2886336.5714285714
827 1.369665722147651E7
828 5690115.444444444
829 2897234.8685714286
830 2733263.1472392636
831 9581067.903614458
832 4048839.6470588236
833 3587026.8385093166
834 3106202.9523809524
835 9701812.809210526
836 7349073.603773585
837 2986599.8596491227
838 4634505.286585365
839 4281838.977777778
840 2633710.8597560977
841 2747436.7073170734
842 5880181.922580645
843 3075146.8364779875
844 4162865.3759398498
845 2647039.487654321
846 3123365.1395348837
847 4262640.83125
848 4028376.9244186045
849 2458730.206451613
850 4060605.769230769
851 3286930.938271605
852 6086804.805882353
853 6923804.537037037
854 2695083.4770114943
855 1.1624675055248618E7
856 2582034.3284671535
857 2984304.216374269
858 4887908.259259259
859 2444434.4261363638
860 9619878.488095239
861 5929062.688311689
862 2892370.319018405
863 3101962.01910828
864 3031193.4452054794
865 1.2516053114649681E7
866 8973589.379310345
867 6470188.340425532
868 3490015.425414365
869 4112357.383116883
870 4017055.748427673
871 3853170.523489933
872 2906178.840764331
873 3467769.5595238097
874 5730096.8292682925
875 1.0189214328767123E7
876 5564784.1030303035
877 7578818.013333334
878 9876837.357142856
879 6144928.357541899
880 5475768.697142857
881 7587388.113924051
882 2560816.125
883 5335621.682634731
884 4261894.132867133
885 7131103.75862069
886 1.061877845522388E7
887 1.3268507949275363E7
888 4199610.29032258
889 2879621.5875
890 7989744.805405405
891 2844145.0693641617
892 5190914.406015038
893 4496548.175757576
894 2994444.355555556
895 2836225.5405405406
896 6045479.158536585
897 6302042.45398773
898 6232560.21656051
899 6806285.147435897
900 8185357.640243903
901 8398683.682432432
902 7883915.548780488
903 1.172037256462585E7
904 4.0906015911564626E7
905 1.4245850469135802E7
906 8979936.580246914
907 3708324.35625
908 2963468.9787234045
909 8438333.888888888
910 4016418.524691358
911 4117296.6319444445
912 3.0626427933774833E7
913 3.7057140608391605E7
914 6244165.720779221
915 3201278.4417177914
916 6053264.261627907
917 1.0614372403921568E8
918 1.142666209202454E7
919 4.897001416428571E7
920 9813398.11235955
921 4558427.805970149
922 3330749.7396449703
923 5.191032470149254E7
924 2578546.5512820515
925 5170877.205882353
926 1.911669087898089E7
927 2.2722513917127073E7
928 1.2367309503355704E7
929 4369818.832167832
930 2759792.1666666665
931 1.7355482782051284E7
932 7486785.379310345
933 2702996.8445945946
934 1.1594732761904761E7
935 1.865531388607595E7
936 4127408.7077922076
937 1.0329956505747126E7
938 4403281.845679012
939 2.933314842384106E7
940 3.0328339037037037E7
941 9017877.168674698
942 4.500281024683544E7
943 2992361.8571428573
944 7.227602225730994E7
945 3028183.4846153846
946 1.4070012949685534E7
947 7291082.624242424
948 3206372.7733333334
949 4082481.8513513515
950 1.949310055414013E7
951 1.370119669375E7
952 4089134.1375
953 2730481.0516129034
954 2.9146995175438598E7
955 1.1292599654761905E7
956 2939404.5316455695
957 1.3066292983240223E7
958 4608781.104166667
959 2779450.5476190476
960 8564743.189542484
961 5235703.391025641
962 3085867.34375
963 2.0618762626506023E7
964 3.6368470458333336E7
965 1.4501853048192771E7
966 3821513.1677852347
967 9.475607171895425E7
968 2.1407829649681527E7
969 2.4289062784313727E7
970 3144996.4716981133
971 9717141.320987655
972 3621646.0432098764
973 3156099.9483870966
974 2.909501744295302E7
975 2969968.2
976 1.0916498786666667E7
977 5.476507093209877E7
978 4086220.730769231
979 1.8725936565714285E7
980 1.85194089625E7
981 1.3278513629629629E7
982 4836385.801242236
983 2969061.0576923075
984 8924218.168918919
985 3086916.4269005847
986 1.1901079006451612E7
987 1.643759830120482E7
988 4843060.248407643
989 9997850.194444444
990 3245319.759493671
991 2.9598745395973153E7
992 1.2709242181818182E7
993 2.1897728595505618E7
994 1.2873621418238993E8
995 4735868.592105263
996 3.508507228358209E7
997 1.6262794126582278E7
998 3158409.6387096774
999 2.248037455319149E7
