1 1.153767108423913E7
2 1480093.6163682865
3 1.842927629973475E7
4 1.0992301872972973E7
5 1.3536076502702702E7
6 1.0968073656804733E7
7 1.6693618087719299E7
8 8939008.432642488
9 875270.9382022471
10 1.8440554016990293E7
11 1.9422636463013697E7
12 2.6818815447761193E7
13 1301569.6307692307
14 1.7814869399477806E7
15 2.0329043008E7
16 2308263.9002849003
17 1.0761351844262294E7
18 1.4771189466487935E7
19 8583644.254957506
20 2.2961018666666668E7
21 2.8946469909574468E7
22 6160860.917989418
23 1398844.7122905029
24 8362641.419618528
25 2691843.4944444443
26 1.9857891691891894E7
27 1.3818967023684211E7
28 5519606.442896936
29 1.3486944008426966E7
30 4510659.834302326
31 2.4240865754189946E7
32 1.1921014272988506E7
33 1.1839234593922652E7
34 2.3203416705093835E7
35 1.1988932876404494E7
36 1.2063928760115607E7
37 4615154.040540541
38 1908526.4791666667
39 6051240.485549133
40 2.0641005E7
41 1.3617014981481481E7
42 3.3532425762666665E7
43 1.4444837785714285E7
44 2.0550272080691643E7
45 4510437.074074074
46 3.4148797621468924E7
47 1.5723993574534161E7
48 3.494606107235142E7
49 2.212982647632312E7
50 1.3642051221635884E7
51 2.6152077887323942E7
52 3.0404849060606062E7
53 2.2755611762803234E7
54 1.9626387757180158E7
55 3.67633056617647E7
56 4182810.7694369974
57 3.717911575703325E7
58 1.0501922682539683E7
59 3.2193090750670243E7
60 2.0757533803149607E7
61 1.1346175994623655E7
62 3255576.727735369
63 4616982.083086054
64 1.762444241689373E7
65 4443153.0474777445
66 1.6322652010695187E7
67 2.434672301785714E7
68 1.1947630609137056E7
69 3.071972796039604E7
70 2.5231864696883854E7
71 2.2259349407103825E7
72 4.68388426809816E7
73 3.2887098132231403E7
74 2.789938006504065E7
75 2.472147405945946E7
76 1.5847067062330624E7
77 1.2750363185082873E7
78 1.383688243417367E7
79 1.06463476328125E7
80 2.414481137978142E7
81 2.534089241388889E7
82 1.7152553120786518E7
83 1.8598443765498653E7
84 6922860.016260163
85 2.8376442325301204E7
86 2.857607801030928E7
87 2.992340573474801E7
88 2.5968161658792652E7
89 2.0941895349593494E7
90 4795331.821917809
91 2.7521928358381502E7
92 5.156404062368421E7
93 3.009099690551181E7
94 1.4224696123324396E7
95 2.537381657828283E7
96 1.6712236726744186E7
97 1.6002244505882353E7
98 1.1656274303523036E7
99 7671055.9
100 2.329559717927171E7
101 2.5653591216931216E7
102 8211229.912568306
103 2.645417724484536E7
104 1.8431873903485253E7
105 4.232333102556818E7
106 1.4988309934659092E7
107 3.28167000739726E7
108 3.7038546540616244E7
109 2.9389114566091955E7
110 6928695.835365853
111 3.38670686155914E7
112 2.628909904699739E7
113 1.2894358971346704E7
114 8578012.651685392
115 7569791.413436692
116 8392162.692513369
117 3496724.899728997
118 1.8779463898666665E7
119 3.385922793059126E7
120 1.0126461196022727E7
121 1.8847883183098592E7
122 7.162839712068966E7
123 1.5326968113402061E7
124 2.283943116713881E7
125 2.5979726183139537E7
126 3.806636905555555E7
127 1.4261487888888888E7
128 6350704.891737891
129 1.5830410632478632E7
130 8853957.657289002
131 2.4635841710455764E7
132 1.942665305952381E7
133 1.0860909614754098E7
134 1.6834534898305085E7
135 9145010.115273776
136 3.411520201574803E7
137 1.7145790153638814E7
138 1.3244420475138122E7
139 3.10011572630137E7
140 2.655879405645161E7
141 1.6943177119113572E7
142 6.050932700573066E7
143 8725261.266853932
144 1.044136241935484E7
145 7871491.966101695
146 1.2339479188235294E7
147 3.93052400398773E7
148 1.6781881173228346E7
149 1.944396119537275E7
150 7249878.383333334
151 9166841.298941799
152 3.095205673280423E7
153 4.097062164285714E7
154 1.3553056791891892E7
155 4.407464492167102E7
156 3.154086730927835E7
157 9692262.47536232
158 5.210465247058824E7
159 1.9844072056818184E7
160 1.3999523669467786E7
161 2.7832954468208093E7
162 1.2780116215625E7
163 3.2931305185840707E7
164 2.3358940982051283E7
165 2.7644115155737706E7
166 1.9539310057142857E7
167 3.0126127339622643E7
168 6298838.2077562325
169 1.1517293375661375E7
170 1.693802841221374E7
171 6733673.439429929
172 2.6978932899204243E7
173 3.504431652830189E7
174 2.912669519895288E7
175 2.1340876484330483E7
176 3.709334621971831E7
177 2.831831785978836E7
178 2.1297077407594938E7
179 3.5383667861788616E7
180 1.978947161299435E7
181 1.8114239548387095E7
182 1.1558334650137741E7
183 2.673264761202186E7
184 1.4631418783641161E7
185 4.0116024651685394E7
186 2.6008704192405064E7
187 6810865.211143695
188 2.3338947142011836E7
189 3.4922263290502794E7
190 2.335793597777778E7
191 2.6557834949760765E7
192 1.3848250620111732E7
193 4.0411523189265534E7
194 7612276.818443804
195 2.7582910139037434E7
196 2.3130451234666668E7
197 2.403641492105263E7
198 1.3034850491666667E7
199 2.795256181167109E7
200 2.117059926553672E7
201 1.1840765120743034E7
202 2.4519835683284458E7
203 3.0491048104712043E7
204 3.3358280296103895E7
205 1.6876483934210528E7
206 1.6104769376811594E7
207 2.700414098387097E7
208 4.050302569345238E7
209 2.770952938402062E7
210 3.3380085793814432E7
211 3.722363175862069E7
212 1.827283642939481E7
213 2.2541336469333332E7
214 2.126652488772846E7
215 1.2907917516483517E7
216 2.579049153021978E7
217 3.4015335176020406E7
218 3.736330683379501E7
219 2.7011575520202022E7
220 3.4378307094527364E7
221 2.6714903257534247E7
222 2.5345268127478752E7
223 2.322249602694611E7
224 4.194055275596817E7
225 2.9107588076023392E7
226 2.4527362152406417E7
227 2.8110939151595745E7
228 5.9326152307479225E7
229 5.366520466852368E7
230 2.48667666510989E7
231 1.7463609893175073E7
232 1.6021585637883008E7
233 1.3882869555555556E7
234 2.248456200295858E7
235 3.301683742972973E7
236 4.327976717435897E7
237 4.0967675873198844E7
238 2.4800339136094674E7
239 3.123722718888889E7
240 3.0722279209183674E7
241 2.294944243785311E7
242 2.972999632133676E7
243 3.614251619382022E7
244 1.3140686757834759E7
245 3.617294157534247E7
246 2.162015522546419E7
247 3.2119412127027027E7
248 3.0034113002747253E7
249 1.8007618227665707E7
250 1.2559606406976745E7
251 5.3904523790404044E7
252 3.185827497810219E7
253 2.693213672928177E7
254 3.1789735346666668E7
255 2.732259195988539E7
256 2.8908931472584855E7
257 2.8294017016853932E7
258 2.4061545759668507E7
259 2.205647725479452E7
260 2.6363655148337595E7
261 2.2424644573002756E7
262 1.809744603133903E7
263 1.1323137496987952E7
264 3.070879750574713E7
265 3.2033020492625367E7
266 5.0166455387341775E7
267 2.6532871376731303E7
268 4.073810886865672E7
269 2.3062462313513514E7
270 3.8468094579514824E7
271 3.0136882349253733E7
272 2.412678796987952E7
273 3.1969887364640884E7
274 2.693080216573034E7
275 4.291577486885246E7
276 1.9305692458100557E7
277 3.196784335770235E7
278 2.9888834637096774E7
279 6.792731574677002E7
280 1.8214274135549873E7
281 3.1585636807692308E7
282 2.0256235904371586E7
283 1.772065935329341E7
284 3.015291227893175E7
285 2.5587550656509694E7
286 3.3546050540106952E7
287 3.6754374275590554E7
288 2.7405626839599E7
289 5.172370774301676E7
290 3.491180070572207E7
291 4.8470782684073105E7
292 2.5151510597911227E7
293 2.536982244266667E7
294 1.5021351102272727E7
295 1.8007378784E7
296 3.1623966923547402E7
297 1.4065159476047903E7
298 2.034320019422572E7
299 2.4476395312676057E7
300 1.8321501878116343E7
301 1.4931146442896936E7
302 2.739721983862434E7
303 2.766177287643678E7
304 3.476892442936288E7
305 2.283761681395349E7
306 3.542289435812672E7
307 3.822567463976945E7
308 2.6980797041884817E7
309 3.517186844077135E7
310 4.898350479336735E7
311 1.7706980885416668E7
312 2.1202546923913043E7
313 2.9673472480122324E7
314 2.1495709210958906E7
315 3.0829622626598466E7
316 2.6875993373913042E7
317 1.3201225602179836E7
318 2.9721627723756906E7
319 1.8886362037037037E7
320 3.970082846239554E7
321 3.388948112753623E7
322 5.262110471391752E7
323 1.8326155266666666E7
324 3.334881313821138E7
325 4.831508459102245E7
326 2.9968400536931816E7
327 2.0655589586510263E7
328 1.5566463153631285E7
329 4.111725700246306E7
330 3.869203726145553E7
331 2.4531072130208332E7
332 2.932124805459057E7
333 2.7419302324175823E7
334 2.320000659375E7
335 4.5432522538653366E7
336 2.0164887034300793E7
337 3.7356885957746476E7
338 2.019305085994398E7
339 3.034234668956044E7
340 5.376394605142857E7
341 2.189444237352941E7
342 2.0254625389502764E7
343 5.278789130362117E7
344 3.7295065346938774E7
345 3.3335289456284154E7
346 2.5610294373297002E7
347 2.7203010611413043E7
348 4.5553258130311616E7
349 4.5484152860869564E7
350 1.6136226975543479E7
351 3.0059124097297296E7
352 4.092711319948187E7
353 3.528725500554017E7
354 7.302142821306819E7
355 4.894782542182891E7
356 4.714588962872629E7
357 6.169895138198758E7
358 2.8539486991666667E7
359 4.1874208521857925E7
360 5.786735464247312E7
361 6.506661784857143E7
362 4.072181686363637E7
363 5.726508825648415E7
364 2.893583749484536E7
365 3.6719737308108106E7
366 3.67651351344086E7
367 4.3276376458333336E7
368 1.5007160446685879E7
369 3.246100858739255E7
370 2.3767705380208332E7
371 4.21278041E7
372 1.8187034111405835E7
373 2.959911368604651E7
374 2.9385904575675678E7
375 5.665538336585366E7
376 3.5724771416886546E7
377 5.4110933708661415E7
378 3.7774771416666664E7
379 2.6555610228412256E7
380 4.0757955230337076E7
381 2.1759763367021278E7
382 3.3265126343085106E7
383 3.38762195521978E7
384 3.772202816981132E7
385 2.404460097084548E7
386 5.113742722543353E7
387 2.8263185749295775E7
388 3.1133437187165774E7
389 3.640316481818182E7
390 4.317616890463215E7
391 4.245449776276276E7
392 3.2278153830555554E7
393 5.317512537988827E7
394 2.1835381699731905E7
395 4.6803807471389644E7
396 2.864206E7
397 2.9728862298666667E7
398 1.8417424237704918E7
399 1.9237292256756756E7
400 3.845988746131805E7
401 4.923794619546742E7
402 2.0605991751351353E7
403 4.9592264579514824E7
404 3.1586211965147454E7
405 2.894452375945946E7
406 2.886080157142857E7
407 3.7431681567073174E7
408 3.0995349200527705E7
409 2.929436800515464E7
410 3.543296071389646E7
411 2.0530870148876406E7
412 3.3391282790633608E7
413 3.0050149080691643E7
414 3.1749027523160763E7
415 4.894844402666666E7
416 2.8518896975342467E7
417 3.125708994428969E7
418 2.6828539903846152E7
419 2.5851941025E7
420 3.072929937912088E7
421 4.4434835501355015E7
422 3.679668474860335E7
423 1.8099437438040346E7
424 2.6505143242339835E7
425 2.596809893243243E7
426 4.2544067395663954E7
427 2.8962556843023255E7
428 2.2322522463855423E7
429 2.838186635308642E7
430 4.170135824179105E7
431 3.362231927423823E7
432 3.360924375138122E7
433 3.133087172386059E7
434 3.514094613043478E7
435 3.341746425123153E7
436 2.0984037566298343E7
437 4.0490236021798365E7
438 4.182914374934726E7
439 3.3097518412256267E7
440 4.937670053409091E7
441 4.616740954520548E7
442 4.7292662412987016E7
443 2.1439649588541668E7
444 4.798109102240896E7
445 2.6743530716621254E7
446 2.7665930845238097E7
447 2.2900797101876676E7
448 4.944879438186813E7
449 6.915536246017699E7
450 3.144876156598985E7
451 3.600044724936387E7
452 4.4664919979942694E7
453 3.709801518309859E7
454 3.275146125E7
455 4.897829149315068E7
456 4.985498664957265E7
457 4.956994244818653E7
458 4.309433452688172E7
459 4.847942804843305E7
460 3.504415543258427E7
461 3.389511244474394E7
462 3.3503036177595627E7
463 3.799774509390863E7
464 3.393901653703704E7
465 2.9594094936813187E7
466 4.364759279473684E7
467 4.7731469047493406E7
468 3.1858620022727273E7
469 4.8516306608333334E7
470 4.360513479736842E7
471 5.7229021402597405E7
472 2.7721917274193548E7
473 5.240606525815217E7
474 3.2733572606837608E7
475 5.174376497752809E7
476 3.8436485809392266E7
477 5.0564375359050445E7
478 3.982148422029703E7
479 4.276607046778712E7
480 3.873306928684211E7
481 3.801918137567568E7
482 3.797394399469496E7
483 4.188501893296089E7
484 3.555712820385675E7
485 3.031728083727034E7
486 4.5910841884615384E7
487 3.731816721823204E7
488 3.184631754076087E7
489 3.4573603073619634E7
490 4.7462884302083336E7
491 4.73839244902507E7
492 2.6681417594164457E7
493 4.236481523626374E7
494 2.129395705319149E7
495 3.447758429117647E7
496 5.360228007647059E7
497 3.968816223076923E7
498 6.882780403038675E7
499 6.182954672922252E7
500 5.9116341170868345E7
501 4.323833356318682E7
502 3.934963282044199E7
503 2.8725256800561797E7
504 2.5752428807894737E7
505 3.4369140297142856E7
506 3.871334063685637E7
507 4.4853837919786096E7
508 3.84431620964467E7
509 3.2816634513432834E7
510 5.085994825255102E7
511 4.601094176590331E7
512 4.0956272571801566E7
513 6.222282180758808E7
514 3.184867674927954E7
515 2.9693113015189875E7
516 4.9919413981818184E7
517 4.7942416547619045E7
518 4.056359593717278E7
519 4.772393608E7
520 4.2938594187012985E7
521 3.3400903774104685E7
522 3.5991448028645836E7
523 4.21479745218509E7
524 2.459897355978261E7
525 4.334475545405406E7
526 5.0662765957671955E7
527 4.285816800826446E7
528 2.7573303936416186E7
529 5.308911471948052E7
530 2.552728232222222E7
531 5.5842387572271384E7
532 3.304773238501292E7
533 3.208802869187675E7
534 4.6184027853960395E7
535 7.465386404289544E7
536 3.7484562624641836E7
537 4.167137755555555E7
538 3.849903646505377E7
539 2.436197805E7
540 3.666525224043716E7
541 5.098237661788618E7
542 3.6540363348958336E7
543 2.381265136585366E7
544 4.42685750960961E7
545 6.466048739664804E7
546 6.082440046666667E7
547 4.772064161111111E7
548 7.295283721969697E7
549 5.817302705851064E7
550 6.0525199245945945E7
551 4.1712738346268654E7
552 3.760847262530413E7
553 2.736886465903308E7
554 4.131197853926702E7
555 6.719473060857143E7
556 3.89815838119891E7
557 3.4157223404255316E7
558 5.1464576222841226E7
559 3.662860762562814E7
560 4.589583948717949E7
561 5.619950792E7
562 4.464484000849859E7
563 2.9696536903846152E7
564 4.9437511E7
565 4.823295779949239E7
566 3.19101790971867E7
567 5.2597550181102365E7
568 3.473234044505495E7
569 3.0494773388429753E7
570 4.887441310055866E7
571 6.733731474520548E7
572 3.3237284969411764E7
573 5.8496747924281985E7
574 5.408841410594315E7
575 3.6895268557422966E7
576 4.831758930456853E7
577 5.585930504787234E7
578 4.474534599117647E7
579 4.903031564804469E7
580 3.853749565775401E7
581 3.820435455431755E7
582 3.11603836875E7
583 4.416301934131736E7
584 4.643154125761773E7
585 4.480069606868132E7
586 3.386525913690476E7
587 3.6308996719251335E7
588 6.1686772053097345E7
589 4.332273110606061E7
590 3.0371925398891967E7
591 4.104730309756097E7
592 3.888326332207792E7
593 4.824457924109589E7
594 3.022187737215909E7
595 5.543029483380282E7
596 6.92150653278237E7
597 3.2410071235602096E7
598 4.731465941414142E7
599 3.712336948732395E7
600 3.619831908421053E7
601 4.0398121439528026E7
602 3.775109493255132E7
603 3.5717752496E7
604 5.207897797457627E7
605 5.389531616184971E7
606 4.5799548958333336E7
607 4.1321856557692304E7
608 4.0871449290055245E7
609 4.246213632368421E7
610 5.4988815725903615E7
611 4.387117082841823E7
612 4.497558236813187E7
613 4.668879231680441E7
614 4.07067300952381E7
615 6.7094705911290325E7
616 2.523539372849462E7
617 4.66627027562189E7
618 3.8551485506887056E7
619 4.776879979545455E7
620 4.993822730362117E7
621 4.77214865974359E7
622 3.657964738258575E7
623 4.1150916641975306E7
624 3.968882256043956E7
625 7.834178636486487E7
626 3.812377534924623E7
627 5.2799621234986946E7
628 2.8966254476744186E7
629 4.742001688022284E7
630 6.008728452941176E7
631 6.0429272453781515E7
632 4.958940165030675E7
633 7.306078113513513E7
634 4.959877639795918E7
635 3.736885275945946E7
636 5.548056354520548E7
637 3.648877693370166E7
638 3.783376080107527E7
639 4.53341810252809E7
640 3.2986190548812665E7
641 5.6654306346994534E7
642 4.541584196476965E7
643 4.9642137255747125E7
644 3.651693877744807E7
645 4.819409543820225E7
646 5.242411899212598E7
647 7.687359681612091E7
648 6.613940541483516E7
649 4.3138697689750694E7
650 4.615781477419355E7
651 4.659735146594005E7
652 6.388480068965517E7
653 4.750869933522727E7
654 4.010243296857143E7
655 4.321766260643564E7
656 4.100512761702128E7
657 6.086142024778761E7
658 5.116175120056497E7
659 3.2852060267567568E7
660 5.569003389790576E7
661 5.233638938016529E7
662 6.497627271390374E7
663 5.08370553454039E7
664 5.809636407520892E7
665 4.028241455988858E7
666 5.046977587297297E7
667 4.446230645923913E7
668 4.085545406486487E7
669 5.4555253964497045E7
670 4.973814248076923E7
671 5.437229507713499E7
672 6.643783733810888E7
673 4.71231240025974E7
674 5.929501606521739E7
675 5.662522032183908E7
676 5.170267952116402E7
677 4.671502917631579E7
678 3.728981179949239E7
679 5.1384223979166664E7
680 5.7125834490956075E7
681 1.0416505319308357E8
682 6.1881220131284915E7
683 5.9174716044386424E7
684 6.347276781767956E7
685 5.7342097162234046E7
686 5.501176989722222E7
687 6.449073469041096E7
688 5.454146211290322E7
689 4.903487182479785E7
690 4.668809983055556E7
691 3.8780568777777776E7
692 4.440967753619303E7
693 5.031508664347826E7
694 5.691673128296703E7
695 4.028492899152543E7
696 4.356653029649596E7
697 3.1960326036723163E7
698 4.675252045977011E7
699 5.061746083507854E7
700 7.522089738082902E7
701 5.281970884281843E7
702 4.4735404922437675E7
703 4.2319062368831165E7
704 4.475929362834225E7
705 5.276952054887218E7
706 4.0955682926027395E7
707 3.377279110382514E7
708 7.464201551136364E7
709 5.994134008938547E7
710 6.936205077746479E7
711 5.3985433252124645E7
712 5.476193832891247E7
713 5.365244481558441E7
714 4.295442124175824E7
715 5.8105353849872775E7
716 5.80539936E7
717 3.998489320812183E7
718 8.300349971045576E7
719 4.3230882354666665E7
720 5.441247166915423E7
721 4.257990836440678E7
722 7.096330363324538E7
723 6.21356051637931E7
724 4.159496809485095E7
725 6.764932212605043E7
726 6.0479189390532546E7
727 8.904390661538461E7
728 7.896687279261364E7
729 7.630261295989305E7
730 9.264319935142119E7
731 6.005444027350427E7
732 4.383443913467049E7
733 6.1568455164634146E7
734 6.804977309171598E7
735 7.91940582877907E7
736 1.3373899042897727E8
737 7.003394355742297E7
738 3.820998073728813E7
739 4.2693162216080405E7
740 9.172583184533334E7
741 4.3317395047244094E7
742 7.263074902017291E7
743 6.253398523655914E7
744 5.69702878487395E7
745 6.699113126358695E7
746 5.376237251713396E7
747 4.820380787962963E7
748 7.40535648687664E7
749 6.689621897560976E7
750 4.145995292419825E7
751 5.639714841944444E7
752 4.325711692937853E7
753 6.181081979120879E7
754 7.847293151522842E7
755 4.088235932545932E7
756 5.180011516759776E7
757 8.819481227532467E7
758 5.502645856049383E7
759 6.109532671875E7
760 6.224786628333333E7
761 4.8725560961325966E7
762 5.6429868105405405E7
763 6.13807021779661E7
764 4.2205370994791664E7
765 6.788900708493151E7
766 6.0569157044973545E7
767 1.1359670222739018E8
768 3.9318180145833336E7
769 7.23785140916442E7
770 5.547299863764045E7
771 4.873609799168975E7
772 6.423095696010638E7
773 7.770135426404494E7
774 4.2040349115384616E7
775 6.655952575328084E7
776 6.3267450208672084E7
777 9.060223401269035E7
778 5.654693486753247E7
779 5.614587760614525E7
780 5.859493633512064E7
781 9.766266517231639E7
782 5.481012714910026E7
783 6.753456501621622E7
784 4.70056540989011E7
785 6.003628317741936E7
786 8.10418361589041E7
787 5.88463123510101E7
788 7.79568147277628E7
789 6.043150954985755E7
790 8.76826391590909E7
791 3.787642783746556E7
792 4.882535241798942E7
793 6.0096361651629075E7
794 8.760032672533333E7
795 5.231694838352273E7
796 8.049571760904256E7
797 6.209626181818182E7
798 6.7016662959493674E7
799 6.332978030964467E7
800 8.816790046448088E7
801 5.33214981632653E7
802 6.5410240876675606E7
803 3.883246985474861E7
804 4.7051696096491225E7
805 1.3806372403197673E8
806 5.677278315233415E7
807 5.361070362962963E7
808 5.446181686803519E7
809 6.314168549326146E7
810 9.922487540960452E7
811 6.581937042144638E7
812 8.389666554232804E7
813 8.679365067733334E7
814 6.6607549325581394E7
815 6.859974311793612E7
816 5.129315926446281E7
817 9.40171547696335E7
818 8.432088745925926E7
819 6.733200191891892E7
820 5.365303671823204E7
821 6.7064332652046785E7
822 5.519495012711865E7
823 1.0869049444504021E8
824 4.687892347179487E7
825 5.792397590883191E7
826 8.892570860752688E7
827 4.6410034774647884E7
828 7.2101436E7
829 1.4154383969945356E8
830 7.732586789589041E7
831 6.999657229945055E7
832 7.267799811891893E7
833 1.2020144249484536E8
834 5.176275850531915E7
835 5.668292617962466E7
836 7.730055289285715E7
837 4.777793047696477E7
838 7.746711399189189E7
839 3.923429621546961E7
840 3.884536962601626E7
841 8.68789809103261E7
842 9.666396090981433E7
843 9.695600009399478E7
844 6.928804382369941E7
845 7.180141349453552E7
846 7.62748201859155E7
847 7.603722189588378E7
848 5.817809627882037E7
849 1.0154175274744898E8
850 5.424182691111111E7
851 7.889029137087911E7
852 5.040953601351351E7
853 5.535755586388889E7
854 7.274720938611111E7
855 1.3563563939313984E8
856 6.090585410569106E7
857 6.584732372010178E7
858 7.731972673670213E7
859 5.502298567119565E7
860 4.256417963414634E7
861 5.15074310518732E7
862 1.0505787954261364E8
863 6.0580580687165774E7
864 7.948924384548105E7
865 5.512933982228117E7
866 5.127915525779037E7
867 6.156836324299066E7
868 7.316360283236994E7
869 1.017988061098901E8
870 6.1779593517150395E7
871 6.6133765817391306E7
872 5.9484967561403506E7
873 7.197286440616967E7
874 9.89869843871795E7
875 5.82319891994382E7
876 5.095915602020202E7
877 6.527932174202899E7
878 1.141617795044776E8
879 1.2630106525E8
880 1.0440905565659341E8
881 5.4850370659400545E7
882 4.135755537866667E7
883 6.568476507123288E7
884 6.5144553094512194E7
885 8.631344983746557E7
886 1.0140881468245125E8
887 1.2560443277017115E8
888 9.7649726E7
889 1.1331142630640669E8
890 6.736374012702702E7
891 1.044712618766756E8
892 5.885311736338028E7
893 5.5173300186397985E7
894 6.949979162729658E7
895 1.2710106338176638E8
896 9.460668162299465E7
897 1.0001651472299169E8
898 6.135071740712468E7
899 5.38817210498615E7
900 7.105601336363636E7
901 1.4568558762564102E8
902 1.679352866988304E8
903 5.484066753619303E7
904 7.229882942011835E7
905 1.0270651006976745E8
906 1.0627230012885155E8
907 6.953861657602338E7
908 5.536499392415731E7
909 1.2231628278918919E8
910 4.888448972997033E7
911 6.655637064325843E7
912 6.805841175815217E7
913 9.423306783418368E7
914 7.214403915300547E7
915 6.773427754178675E7
916 1.343937941299435E8
917 1.2998389310306406E8
918 1.3037944741688654E8
919 6.135132716483516E7
920 9.465529742032968E7
921 6.745176901098901E7
922 1.1193908451734105E8
923 1.499935840532995E8
924 5.225820388857938E7
925 5.787979843380281E7
926 8.036835425352113E7
927 9.653798962162162E7
928 5.2357342603626944E7
929 5.102713673866667E7
930 1.2895144252162161E8
931 9.579638074809161E7
932 1.1288524693113773E8
933 6.202630720512821E7
934 1.0205280372676057E8
935 9.468624629292929E7
936 4.967498702064897E7
937 8.230868841310541E7
938 1.0105085151304348E8
939 6.0563643569587626E7
940 8.526738338292012E7
941 7.587670918274112E7
942 1.2510272651117319E8
943 7.892104584593837E7
944 5.2533803734463274E7
945 1.788420735727003E8
946 6.126756001385041E7
947 9.632756239825581E7
948 1.203472651505102E8
949 6.272982649230769E7
950 1.0352157570773639E8
951 4.079174844674556E7
952 7.923585048484848E7
953 7.305623873636363E7
954 7.327706576041667E7
955 8.422389176190476E7
956 9.772519782573727E7
957 1.3159506683695652E8
958 8.499255083116883E7
959 1.898479984269006E8
960 7.726365883896104E7
961 1.1026775822955145E8
962 1.9387251482655826E8
963 1.5357079586980608E8
964 1.639469459342857E8
965 1.2051954380229226E8
966 9.947254278933333E7
967 1.5194217854025975E8
968 5.11400064738292E7
969 1.6877807359944752E8
970 5.770558617977528E7
971 1.2983440271989529E8
972 7.362347409358288E7
973 8.607045120056497E7
974 6.6631107587467365E7
975 6.117508759335038E7
976 6.576823356382979E7
977 5.7916929666666664E7
978 1.3173052056373937E8
979 9.060197598039216E7
980 1.0743694286005831E8
981 7.153043285213032E7
982 9.357800985674931E7
983 9.949053842175066E7
984 5.602000424376731E7
985 1.398666093821839E8
986 1.9783632816507176E8
987 7.30942921661442E7
988 8.740154462656641E7
989 4.7377903833333336E7
990 1.7790529452186587E8
991 6.199007095226131E7
992 7.885672822588833E7
993 6.977738337466307E7
994 1.01126432E8
995 6.020637327696793E7
996 8.306522784487535E7
997 7.131522155555555E7
998 1.3272047775690608E8
999 1.1685788236956522E8
