1 2195.2822299651566
2 2190.5578231292516
3 603668.8469750889
4 45097.491349480966
5 565782.7836879432
6 24953.06818181818
7 2220.1642857142856
8 23842.943462897525
9 274996.5028901734
10 46543.044982698964
11 1900413.2751677851
12 47410.267912772586
13 2036660.2409240925
14 294983.40942028986
15 281015.0677419355
16 800205.4131147541
17 882358.4570446735
18 3098007.5156794423
19 1089446.1593220339
20 3082827.3450479233
21 1410726.8701754387
22 860066.3139931741
23 1030879.6893203884
24 1399144.9189189188
25 863692.5807560137
26 2195887.292929293
27 977689.6573426573
28 4413158.286173633
29 1553834.0909090908
30 1020478.9353846154
31 2025414.3443708608
32 3439751.138047138
33 1831398.6097560977
34 1632518.6766666668
35 2261731.796296296
36 3130670.767361111
37 1014050.0542372882
38 2173872.1387096774
39 1475558.010791367
40 2009126.580882353
41 1787807.0171821306
42 1512171.6145833333
43 1495818.6336336336
44 1563954.2340425532
45 4005430.231511254
46 2316405.93081761
47 4834654.644230769
48 4376525.333333333
49 3171373.0592105263
50 1946044.2777777778
51 3378262.092409241
52 5504302.374193548
53 2643885.544025157
54 3002801.8013245035
55 4509091.5245901635
56 901321.3953488372
57 9994793.489285715
58 1274464.175084175
59 5553933.834482758
60 3771515.9469964663
61 1917423.2408759124
62 2376601.5263157897
63 6231266.1
64 4389835.012158055
65 5259143.413994169
66 1803100.49244713
67 4116176.6123778503
68 3825574.1794871795
69 1.0471420246575342E7
70 5258766.64893617
71 4131433.568690096
72 3564006.5243055555
73 2749997.1424050634
74 5266203.417197452
75 6338792.758064516
76 3942058.0807017544
77 6262566.945762712
78 3181312.7206896553
79 3237471.697368421
80 4132865.9760273974
81 4534770.139372822
82 3566581.6385135134
83 5319023.031446541
84 2799324.9785714285
85 6457170.261168385
86 6116112.352739726
87 6673199.287162162
88 4418854.345454546
89 4144435.187096774
90 6149461.464646464
91 7268966.8745762715
92 2735807.5360501567
93 3092573.154362416
94 2928944.693661972
95 8355705.463235294
96 6774581.781818182
97 4299121.271739131
98 5322125.561264822
99 8249542.467948718
100 3973584.0846394985
101 1.1290355975694444E7
102 6298223.291390728
103 7875186.088607595
104 4010730.9798657717
105 2608117.064285714
106 7134425.0326797385
107 8154984.713395638
108 4186311.576433121
109 9522009.9339934
110 7055920.90990991
111 8560873.638225256
112 6751229.708196721
113 4400754.655172414
114 7371185.114864865
115 7387875.975438597
116 3743163.9930555555
117 5474453.003154574
118 6256638.303886926
119 5285539.273972603
120 4675647.106707317
121 4190454.515050167
122 4802512.417808219
123 5784257.189655173
124 1.1422617463576159E7
125 3500589.555910543
126 7676308.115755627
127 1.5356839468646865E7
128 5582564.238670695
129 6686215.1433691755
130 8417686.800711744
131 8421698.953068592
132 4085017.4766666666
133 1.862748583557047E7
134 7414169.986159169
135 9470128.620689655
136 9189232.200716846
137 9686328.747440273
138 9295666.053797469
139 7688422.343434343
140 6991451.9
141 6069237.246835443
142 1.6991359523219813E7
143 1.0328084850533808E7
144 1.2219486108843537E7
145 7342930.423841059
146 1.0756399583870968E7
147 1.2262765128472222E7
148 5330692.908163265
149 1.0562819408955224E7
150 8635044.747572815
151 8215295.358255452
152 8003395.585365853
153 7653918.2605863195
154 6274521.905084746
155 1.371980422570533E7
156 7680601.397887324
157 7486741.6625
158 7521229.967391305
159 7822930.423208191
160 9133023.475352112
161 1.0065448346749226E7
162 6833322.286173633
163 5228881.109717868
164 7889409.471380471
165 7817282.539432176
166 8511058.085443038
167 8203223.434027778
168 1.1519721774193548E7
169 1.6230707074468086E7
170 1.346517167752443E7
171 8149337.431309904
172 1.2089632677536232E7
173 1.3098273144262295E7
174 9772757.129032258
175 7800925.177570093
176 1.2827523920972645E7
177 7857646.041522492
178 8458471.342342343
179 1.0458677779456193E7
180 1.3299048006872851E7
181 8764534.183453238
182 1.3309788140522875E7
183 1.145177137113402E7
184 9847996.298076924
185 1.0261607952542372E7
186 1.704062936334405E7
187 6747668.692307692
188 7468654.9053627765
189 1.23475334875E7
190 7078296.372759856
191 8578275.05119454
192 1.2149365248344371E7
193 1.2886083162251655E7
194 1.0309569224025974E7
195 1.2221056721088436E7
196 1.1468801057142857E7
197 1.493587068932039E7
198 1.323139464263323E7
199 9311283.01898734
200 1.045822583433735E7
201 1.1028048694864048E7
202 9916587.623333333
203 1.4425595514754098E7
204 8661378.822742475
205 1.7066267716911763E7
206 1.0264866066666666E7
207 1.4724124585858585E7
208 8002829.666666667
209 1.781856531986532E7
210 1.1205156681818182E7
211 1.669806870347003E7
212 1.388369047260274E7
213 1.0362818181184668E7
214 1.6419586616438355E7
215 9087122.49833887
216 1.393268316875E7
217 1.0078150689781021E7
218 9204639.553191489
219 1.0358280531034483E7
220 1.85368692556391E7
221 1.5955112061433448E7
222 1.3137383827160494E7
223 9449299.639072848
224 1.3424119514851484E7
225 1.2787589699646642E7
226 1.5600053027777778E7
227 9384526.778911564
228 1.4398610649068324E7
229 1.4002081461538462E7
230 1.323898263961039E7
231 1.3479077949101796E7
232 1.4742741395017793E7
233 9912685.98901099
234 9968274.455555556
235 1.048232980952381E7
236 1.5383724342592593E7
237 1.6782079997093022E7
238 1.541219604362416E7
239 9805321.603932584
240 1.8398057336391438E7
241 1.3381642962025316E7
242 1.6596706598039215E7
243 1.2737709014440434E7
244 1.6570627043478262E7
245 1.1525569009708738E7
246 1.4667134104166666E7
247 1.704480750764526E7
248 1.1394896184563758E7
249 1.0976329602985075E7
250 2.0544774355932202E7
251 2.1006804661490683E7
252 1.1583969992857143E7
253 1.3892550570921985E7
254 1.412802051898734E7
255 1.3622793170418007E7
256 1.5669979320388349E7
257 1.696168207142857E7
258 1.7690265243243244E7
259 1.8522724919860628E7
260 1.3060794587837838E7
261 1.3778500108013937E7
262 1.3403073305841925E7
263 1.3081236016778523E7
264 1.31410925955414E7
265 1.7569419972027972E7
266 1.9264183459183674E7
267 1.25385186407767E7
268 1.741312101916933E7
269 2.209953474216028E7
270 1.2246676261589404E7
271 2.1633660566878982E7
272 1.6115486057228915E7
273 1.8543857817307692E7
274 1.3911762705479452E7
275 1.358364428621908E7
276 1.2624902458181819E7
277 1.5881908731292518E7
278 1.5466267708196722E7
279 1.4788857637010677E7
280 1.6394725710280374E7
281 1.7709351410094637E7
282 1.333891484965035E7
283 2.6061574046728972E7
284 1.2902523509578545E7
285 2.2927874528368793E7
286 2.5569988854938272E7
287 2.3146841265625E7
288 1.8855043620915033E7
289 1.1667926109634552E7
290 2.685842560771704E7
291 2.0003373438485805E7
292 1.3508570647840532E7
293 2.6008274645283017E7
294 1.8418373066889632E7
295 1.279621670979021E7
296 1.6505352664556962E7
297 1.8754165462046206E7
298 1.8494240048387095E7
299 1.8985356355555557E7
300 1.773982708766234E7
301 1.1883838003333334E7
302 1.749428408253968E7
303 1.6717393738095239E7
304 1.5495970947540984E7
305 1.6315876109467456E7
306 1.5764600056716418E7
307 2.212510152265861E7
308 2.124750125083612E7
309 1.8165438483394835E7
310 1.4790728668918919E7
311 2.329144907590759E7
312 1.872677828358209E7
313 1.9244375656028368E7
314 1.8150888996721312E7
315 2.1230651079113923E7
316 1.6541150622291021E7
317 1.9264092089700997E7
318 2.2817814890728477E7
319 1.732109891549296E7
320 1.6344147491349481E7
321 1.8305098279503107E7
322 2.409292035689046E7
323 2.1469204452531647E7
324 1.5939911366459627E7
325 1.8795899862190813E7
326 2.691663576100629E7
327 1.5350290760736197E7
328 2.3238315648275863E7
329 2.2921687193103448E7
330 2.8308205174061432E7
331 2.0882249247588426E7
332 1.7391114829431437E7
333 1.949634076567657E7
334 1.9879450824675325E7
335 2.2579009089403972E7
336 1.571659695049505E7
337 1.8722106446043167E7
338 1.2493422378640777E7
339 1.631875834E7
340 2.0234154633802816E7
341 2.2369906405228756E7
342 2.022758514102564E7
343 1.9880504281879194E7
344 1.5062675901694914E7
345 2.4006156681818184E7
346 1.6534216098412698E7
347 2.450246706375839E7
348 1.4471507501597444E7
349 2.4413949548494983E7
350 2.2818806544217687E7
351 2.5792437419141915E7
352 1.8312361947882738E7
353 1.4130210535384616E7
354 2.256774893597561E7
355 2.484932039144737E7
356 2.0097591937888198E7
357 1.8682783050473187E7
358 1.08907661414791E7
359 2.7128921204204205E7
360 1.966584998989899E7
361 1.9681213523219813E7
362 2.282164642345277E7
363 2.1915632569491524E7
364 2.5200417333333332E7
365 2.851756181588448E7
366 2.2102275707142856E7
367 2.4512824743506495E7
368 2.1933331239864863E7
369 2.2374481269624572E7
370 2.4987681795698926E7
371 3.572864376277372E7
372 2.1109236743150685E7
373 2.7135892445229683E7
374 2.510318361397059E7
375 2.2373544663398694E7
376 1.8707577106312294E7
377 2.8745391579617836E7
378 2.461654297849462E7
379 2.4732029E7
380 2.1580500189830508E7
381 2.690188838870432E7
382 2.785156425986842E7
383 2.640270909090909E7
384 2.4125067383458648E7
385 2.1678275129963897E7
386 1.967939700687285E7
387 2.4387589552083332E7
388 1.953441014376997E7
389 2.0275321734219268E7
390 1.808398887345679E7
391 2.101548678546713E7
392 3.567103645541401E7
393 1.8221451562289562E7
394 2.082401111498258E7
395 2.5528756019230768E7
396 1.8279316911347516E7
397 2.363616236012862E7
398 2.1947651922580644E7
399 2.1564266205387205E7
400 2.3536572218241043E7
401 2.095601285815603E7
402 3.578125157986111E7
403 2.5510703293729372E7
404 2.251469025732899E7
405 2.0542640533333335E7
406 2.612405264759036E7
407 2.477862892783505E7
408 2.9316089653571427E7
409 2.9282691192982458E7
410 2.8582257376344085E7
411 2.381255248534202E7
412 2.8202432574257426E7
413 2.6177731172881357E7
414 2.337903362283737E7
415 3.3816703820189275E7
416 2.1095220433656957E7
417 2.393516023668639E7
418 2.0753889540389974E7
419 1.9715334368231047E7
420 3.0417151730650153E7
421 3.420489108201893E7
422 2.802909742E7
423 2.0717967395973153E7
424 2.7347744102739725E7
425 2.5039106123333335E7
426 2.8392112187919464E7
427 2.3367595752542373E7
428 2.606119469966997E7
429 2.3965922801829267E7
430 2.8737289362711865E7
431 2.8450175859281436E7
432 1.599182692923077E7
433 1.9064791778145697E7
434 2.320501719520548E7
435 3.1537120737541527E7
436 2.6507704957142856E7
437 1.8673109684542585E7
438 3.1201455366666667E7
439 4.055383420209059E7
440 2.7083198293515358E7
441 2.20498692483871E7
442 2.349162094964029E7
443 2.7252334656462584E7
444 2.3666143505119454E7
445 2.9002895260714285E7
446 2.073732950931677E7
447 2.258461610542169E7
448 2.0913666028985508E7
449 3.259377260357143E7
450 2.430006818152866E7
451 1.9810724880398672E7
452 2.246122164548495E7
453 2.472139397068404E7
454 1.7788266385454547E7
455 2.830384021405751E7
456 3.667899544636678E7
457 2.63519065347432E7
458 1.7763356942857143E7
459 3.194553697761194E7
460 2.1272612615625E7
461 2.8706881825443786E7
462 2.28952367E7
463 2.350530419795222E7
464 2.2524903715719063E7
465 2.996867340345821E7
466 1.9560042350482315E7
467 3.474699122082019E7
468 2.4968896224489797E7
469 2.9045893767605633E7
470 3.0895460237082068E7
471 3.1013797968051117E7
472 3.28830147258567E7
473 2.3533031025641024E7
474 3.318269174558304E7
475 3.227641635333333E7
476 2.503259564084507E7
477 3.384777306916427E7
478 3.444300904794521E7
479 2.5585915193650793E7
480 2.9361050168421052E7
481 2.3686139034810126E7
482 3.629856449264706E7
483 3.610351762576687E7
484 3.0814127540441178E7
485 3.1624863849840257E7
486 2.8633016901639346E7
487 3.764994352265861E7
488 2.5318666996805113E7
489 2.4680068724832214E7
490 2.7220002096551724E7
491 2.0552665655677654E7
492 3.128054438644068E7
493 2.4598949466453675E7
494 3.3018846700336702E7
495 2.881707462962963E7
496 2.9515414990228012E7
497 2.1793709469648562E7
498 5.1958344068627454E7
499 3.689332716083916E7
500 2.4494492620338984E7
501 3.2086890976666667E7
502 2.8492239925E7
503 3.408153492666667E7
504 2.5668966616487455E7
505 3.3239776056962024E7
506 2.7648735843333334E7
507 3.325429254676259E7
508 2.9164507885350317E7
509 4.23413122943038E7
510 2.716352383870968E7
511 2.872327245736434E7
512 3.786029631935484E7
513 2.1668908941580757E7
514 3.6637879432525955E7
515 3.0679336328719724E7
516 2.725094832E7
517 3.6520088921875E7
518 4.64425008019802E7
519 4.209467990909091E7
520 3.578780367405064E7
521 4.1198907523131676E7
522 3.443497015460526E7
523 3.53778480221519E7
524 4.093418631399317E7
525 2.3001605667752445E7
526 3.235692321987952E7
527 3.275229283450704E7
528 3.8618738756172836E7
529 3.645221430696203E7
530 2.4426497286792453E7
531 3.3487216412140574E7
532 2.235285393710692E7
533 2.752101252866242E7
534 3.2109296284745764E7
535 2.9573763493630573E7
536 3.800805471043771E7
537 3.675230329927007E7
538 3.966154197452229E7
539 2.887217217687075E7
540 3.2506807775086503E7
541 2.6201243484848484E7
542 3.0660938569536425E7
543 2.786934709446254E7
544 3.568119461034483E7
545 3.428608819384615E7
546 2.9554487469798658E7
547 3.019900050949367E7
548 3.490165822794118E7
549 4.757196601119403E7
550 3.533190598407643E7
551 3.358005020068027E7
552 3.603685332371795E7
553 2.7425658742857143E7
554 3.2792104394321766E7
555 2.2365818693103448E7
556 3.399446879938272E7
557 3.668622828624535E7
558 4.532407009090909E7
559 4.232060472972973E7
560 3.534624410169491E7
561 2.879029044512195E7
562 4.417392962629758E7
563 2.7967272636690646E7
564 4.2675311402515724E7
565 3.457310577346278E7
566 3.2492340634920634E7
567 4.194362511392405E7
568 3.4643214196363635E7
569 3.0545772393939395E7
570 3.2158134488294315E7
571 3.797712709717868E7
572 3.569874351282051E7
573 3.9565711150501676E7
574 2.7606635869300913E7
575 3.0669318240963854E7
576 3.690485203606557E7
577 4.092906052884615E7
578 3.652973368987342E7
579 3.627542704204204E7
580 3.384310678571428E7
581 3.3448834346428573E7
582 3.7364828796052635E7
583 3.970769890032154E7
584 3.584169923723724E7
585 4.0055571106617644E7
586 3.0801410517684888E7
587 4.6444798784982935E7
588 3.059096150841751E7
589 2.4859011660256412E7
590 2.4127898778546713E7
591 4.8950318387205385E7
592 3.95289442807571E7
593 2.8454825204545453E7
594 3.793321121192053E7
595 4.173615502405498E7
596 3.1704359473154362E7
597 4.1411544125E7
598 3.59275755830721E7
599 2.768662769503546E7
600 3.536323235144927E7
601 3.27780389331307E7
602 2.9265053096573208E7
603 4.2407153197916664E7
604 4.693447442088608E7
605 3.605500619218241E7
606 2.8851096349823322E7
607 5.141475861702128E7
608 3.9998324996753246E7
609 3.5500764581560284E7
610 4.347155805351171E7
611 2.924252825874126E7
612 3.627469591935484E7
613 3.525158804575163E7
614 3.556513041554054E7
615 3.5366345226006195E7
616 3.7402214428571425E7
617 3.708666249068323E7
618 4.276417334527687E7
619 3.3023327249070633E7
620 2.83747040529595E7
621 3.190655081443299E7
622 5.09120495248227E7
623 5.385881519927536E7
624 5.7217913787096776E7
625 2.974630274920635E7
626 3.937458706622516E7
627 3.3003527997050148E7
628 3.1557414822525598E7
629 4.871118424333333E7
630 3.6612994214532875E7
631 4.1255725395833336E7
632 3.285116521904762E7
633 3.332160016981132E7
634 3.698132794863014E7
635 4.2270796043887146E7
636 2.5596588326530613E7
637 4.8740799632450335E7
638 3.573607064263323E7
639 3.3412460106583074E7
640 5.433129760191083E7
641 4.883974579084967E7
642 4.447178244520548E7
643 4.1828608852564104E7
644 4.847504993771626E7
645 3.239617973397436E7
646 4.609515091549296E7
647 3.393933742750929E7
648 2.9119218723333333E7
649 4.364632760298508E7
650 4.0355027711340204E7
651 3.724241688851351E7
652 3.936544321967213E7
653 3.833674145205479E7
654 4.1400781863970585E7
655 2.8331243475352112E7
656 4.0952665313479625E7
657 4.0658708055921055E7
658 3.2910467485915493E7
659 3.818809002597403E7
660 4.231624061949685E7
661 3.864426136805555E7
662 3.2346657676666666E7
663 3.6386636653250776E7
664 3.642339757284768E7
665 3.7836847872204475E7
666 3.948609479384615E7
667 3.7811715599236645E7
668 3.6842460849498324E7
669 4.773059625270758E7
670 5.6940697759375E7
671 4.0879091824773416E7
672 4.830528206229508E7
673 4.01516849339934E7
674 4.354258263961039E7
675 3.7537980713826366E7
676 5.308443514801444E7
677 6.09799330152439E7
678 4.783596810491803E7
679 3.9855702265957445E7
680 4.760154527007299E7
681 3.938467792282958E7
682 3.776316981071428E7
683 5.12085036116208E7
684 3.512678488704319E7
685 5.708678852559727E7
686 5.760339053205128E7
687 4.1412096608843535E7
688 4.626062958280255E7
689 4.08196502327044E7
690 5.405833102898551E7
691 4.536941376190476E7
692 3.634696021884499E7
693 4.154367670181818E7
694 5.05225886E7
695 4.2545830422382675E7
696 4.384811403692307E7
697 6.805961386195286E7
698 5.1473344715625E7
699 4.6918568395498395E7
700 4.623066592333333E7
701 4.4952161405660376E7
702 3.396706113271605E7
703 3.640189299339934E7
704 3.783577356418919E7
705 4.1169274317073174E7
706 5.283657091197183E7
707 4.77197959072165E7
708 4.547566000291545E7
709 6.0465145668874174E7
710 6.166103635620915E7
711 2.7733882506666668E7
712 4.746561763E7
713 3.286836951724138E7
714 6.761453421167883E7
715 5.384945627760252E7
716 4.02863704020979E7
717 5.5703096615384616E7
718 3.67106237112462E7
719 3.7653203614035085E7
720 8.40593583490566E7
721 6.0972466351535834E7
722 5.248414422683706E7
723 4.636587340068493E7
724 3.964256188852459E7
725 4.6352261964705884E7
726 4.079879269565217E7
727 4.495264974662162E7
728 4.4001523003246754E7
729 7.02224249378882E7
730 3.8805204637931034E7
731 5.1623520682847895E7
732 4.241332818050542E7
733 3.361183945150502E7
734 3.4529742791666664E7
735 6.601725158422939E7
736 4.198988412751678E7
737 4.181273407530121E7
738 4.7954057412751675E7
739 5.415514890031153E7
740 5.029655529906542E7
741 5.392484569736842E7
742 4.51359561835443E7
743 3.884425752887538E7
744 6.4358982989655174E7
745 5.238511358204334E7
746 4.307320339808917E7
747 4.782213261128527E7
748 4.104445896389892E7
749 4.606257572185431E7
750 4.731977446129032E7
751 4.701985101083033E7
752 5.1367536110410094E7
753 5.27955819470405E7
754 4.623097284717608E7
755 4.089666474666667E7
756 4.708539904467354E7
757 6.852415421656051E7
758 4.8801089759450175E7
759 4.18129303821656E7
760 7.545546929390681E7
761 5.881442668014706E7
762 4.7210268108024694E7
763 4.865388153571428E7
764 5.106124539781022E7
765 4.728788142293907E7
766 5.382726724679487E7
767 5.105795603401361E7
768 4.34964879470405E7
769 4.313867535714286E7
770 5.892040987138264E7
771 3.974840299646643E7
772 6.459758157807309E7
773 4.9421782408637874E7
774 6.758723542384106E7
775 4.432106683928572E7
776 4.272303403833866E7
777 4.363706563548387E7
778 3.646641503021148E7
779 5.753790400651466E7
780 4.865116004402516E7
781 6.865357550788644E7
782 5.0664308366336636E7
783 5.856874879069767E7
784 7.162532692156863E7
785 6.762457477531646E7
786 6.362253526013514E7
787 5.254164975232198E7
788 6.657242464864865E7
789 5.362623451125402E7
790 5.932848819594595E7
791 5.605350098989899E7
792 4.985774920567376E7
793 7.23027944039735E7
794 4.7016027315972224E7
795 4.159238672053872E7
796 6.733603397003746E7
797 4.2072945043046355E7
798 3.990334615151515E7
799 4.9591146989619374E7
800 6.672877819798658E7
801 4.6801838026315786E7
802 4.9220285246527776E7
803 6.970055322711864E7
804 7.679125385623004E7
805 5.527909906071428E7
806 4.002998512962963E7
807 6.317830804716981E7
808 4.679452331111111E7
809 6.864410755205047E7
810 5.117119044408946E7
811 4.271827724471299E7
812 5.090794554736842E7
813 5.2538131462025315E7
814 4.1673877797979794E7
815 4.987245084615385E7
816 8.103571901785715E7
817 6.44660388225256E7
818 6.6319456106796116E7
819 5.192542156410257E7
820 5.027089703484321E7
821 5.4991485258064516E7
822 1.2262321081016949E8
823 4.341337434603175E7
824 7.820038004966888E7
825 6.947341424817519E7
826 5.4501078637873754E7
827 5.8215201403448276E7
828 5.0407875E7
829 6.36358482852349E7
830 6.677362236026936E7
831 4.944992019631902E7
832 4.371170767832168E7
833 3.4528446758064516E7
834 5.376577333116883E7
835 5.261642949824561E7
836 8.242007392668621E7
837 6.645992713356164E7
838 5.729077639655172E7
839 4.7430685443333335E7
840 8.992509553721683E7
841 4.9279721661290325E7
842 6.608069712052117E7
843 7.038532606312293E7
844 4.50314716877193E7
845 5.474569924727273E7
846 5.845119544654088E7
847 4.774547306354515E7
848 4.1910297153605014E7
849 4.744736025165563E7
850 5.659275208163265E7
851 7.803132392542373E7
852 8.770913873898305E7
853 8.42964824125E7
854 1.2210000654827586E8
855 7.92709795704698E7
856 5.53639355221519E7
857 5.513864161111111E7
858 7.117405503934427E7
859 7.635475141867469E7
860 1.0293870185669781E8
861 7.613620997552447E7
862 6.3556479386206895E7
863 6.747158851219513E7
864 7.110197311411412E7
865 1.618673394319728E8
866 1.1948087782491583E8
867 7.747886605714285E7
868 1.2475706919377163E8
869 9.296944300655738E7
870 1.1859636574183007E8
871 7.85091069516129E7
872 5.436726092880259E7
873 1.35663187628866E8
874 3.772562932851986E7
875 6.656681547586207E7
876 5.616230463036304E7
877 4.414940971061093E7
878 5.372067603343465E7
879 4.8860385144295305E7
880 9.470971017275748E7
881 9.775061761986302E7
882 5.18498645E7
883 1.248911295566343E8
884 9.30841156849315E7
885 5.791666457295374E7
886 1.3186095324825175E8
887 5.563363623006135E7
888 4.391162326821192E7
889 4.7744965128930815E7
890 5.7916064574074075E7
891 1.2530843926132405E8
892 5.772577890879479E7
893 6.0613356954385966E7
894 5.209302802090593E7
895 4.5317817136807814E7
896 4.327039218971061E7
897 1.5487499525581396E8
898 9.997578298657718E7
899 1.3922717046687698E8
900 1.121634849264214E8
901 1.253874334953271E8
902 4.898094122857143E7
903 4.936182572893773E7
904 5.025230896583851E7
905 5.470261374848485E7
906 7.034073678716215E7
907 6.21260268538206E7
908 8.203387732993197E7
909 6.26780858516129E7
910 1.7848022833E8
911 7.890034921146953E7
912 1.0785271293457943E8
913 5.518308277741936E7
914 1.7016981015755627E8
915 5.153659148387097E7
916 1.4686363780586082E8
917 5.523698407692308E7
918 2.640724094536424E8
919 1.3280489514848486E8
920 1.5232971100369003E8
921 6.520027493079585E7
922 3.107493226721854E8
923 1.0043297236E8
924 4.758394215547703E7
925 7.908249742857143E7
926 5.924938088850174E7
927 7.065943175451264E7
928 5.668185049679487E7
929 4.110652893103448E7
930 2.3866300295015576E8
931 1.227416324831081E8
932 6.75013398488746E7
933 5.568973263356164E7
934 5.48960606555184E7
935 1.293694700126183E8
936 6.5076260422580644E7
937 8.645486395495495E7
938 6.261052391197183E7
939 1.6182972826397514E8
940 9.979615658204335E7
941 1.9945178742201835E8
942 1.2624028487037037E8
943 1.6905098101818183E8
944 5.910607177302632E7
945 1.5601478550704226E8
946 2.2509982056466877E8
947 1.1345149440531561E8
948 1.7630451482562277E8
949 7.450606632432432E7
950 6.732791873469388E7
951 6.6030989479865775E7
952 6.0276903684210524E7
953 1.6694256845061728E8
954 4.851366266433566E7
955 1.4460535154166666E8
956 1.308338965483871E8
957 7.275239260738255E7
958 7.226783301374571E7
959 1.421011474979592E8
960 4.775897658280255E7
961 7.364489975617284E7
962 7.52400439614035E7
963 4.706426920209059E7
964 1.3946624463366336E8
965 1.372428233108108E8
966 8.848302790136054E7
967 2.1059002986407766E8
968 9.195152561461794E7
969 2.156076474935065E8
970 1.6932595878231293E8
971 6.73321504180602E7
972 6.954126206769231E7
973 6.247045511801242E7
974 5.1877199724381626E7
975 5.227098616049383E7
976 7.212817810580204E7
977 1.1712017052E8
978 6.277368688965517E7
979 4.743217631034483E7
980 5.367426655409836E7
981 1.306036327673611E8
982 1.1484187182698962E8
983 1.2529082333441558E8
984 7.884279371382637E7
985 1.4541885123548388E8
986 1.2737325437992832E8
987 5.291659733993399E7
988 1.6462694098545456E8
989 5.298308818644068E7
990 7.900911877639751E7
991 4.759210726506024E7
992 2.255506214527027E8
993 5.4581194932432435E7
994 1.0662366258990537E8
995 6.490360712E7
996 5.841272270671378E7
997 5.086596912140575E7
998 9.370771524381626E7
999 1.4972588256615385E8
