1 2142.75
2 129445.01680672269
3 2157.731707317073
4 154430.7659574468
5 2189.8740157480315
6 30228.84892086331
7 53967.360655737706
8 220830.60431654676
9 386403.62790697673
10 5276.297709923664
11 50298.504347826085
12 129755.176
13 92982.26050420168
14 52983.55172413793
15 233552.8205128205
16 85616.22834645669
17 95442.41129032258
18 4634.318181818182
19 71369.3469387755
20 202331.1
21 176517.23214285713
22 232931.90740740742
23 305478.80508474575
24 45369.760330578516
25 79337.08653846153
26 99160.74380165289
27 224787.85815602838
28 118717.87407407408
29 169042.36842105264
30 85835.0671641791
31 190313.16083916085
32 155999.25531914894
33 82842.2421875
34 194485.58333333334
35 124549.45454545454
36 157719.42657342658
37 295504.7916666667
38 245206.54609929078
39 51959.94690265487
40 198696.04444444444
41 217368.808
42 282290.921875
43 14650.277777777777
44 241107.184
45 222685.52459016393
46 5530.924812030075
47 208049.725
48 194964.47445255474
49 453492.3035714286
50 394331.3939393939
51 255222.65217391305
52 384727.5703125
53 402377.2700729927
54 272625.64166666666
55 161368.17829457365
56 184967.3432835821
57 576473.8596491228
58 519521.6666666667
59 398758.3679245283
60 331216.9315068493
61 231518.8219178082
62 387135.1512605042
63 103006.24832214766
64 133516.68333333332
65 232264.12698412698
66 200622.046875
67 249253.63076923077
68 266481.7846153846
69 541833.2066115702
70 226450.325
71 450298.15789473685
72 144318.890625
73 373660.2831858407
74 239158.1897810219
75 383893.9770992366
76 477166.2248062015
77 150527.6769230769
78 164381.06015037594
79 400424.34920634923
80 382368.171875
81 261887.87096774194
82 377873.953125
83 258101.72535211267
84 607551.7410071943
85 424959.5109489051
86 393800.70921985817
87 621462.8925619834
88 294145.2090909091
89 218307.04672897197
90 342355.6842105263
91 434020.6115702479
92 208734.40476190476
93 841824.2093023256
94 424960.1384615385
95 205135.46875
96 842683.6923076923
97 150702.36936936938
98 301993.1489361702
99 548606.0695652174
100 495107.45588235295
101 749183.3387096775
102 219201.95588235295
103 346087.9075630252
104 631181.7280701754
105 454745.6307692308
106 422145.73913043475
107 664091.6532258064
108 351355.46153846156
109 524494.3308823529
110 248787.01754385966
111 908857.626984127
112 616828.6689655172
113 304522.94444444444
114 743509.6097560975
115 551313.4897959183
116 420902.1985815603
117 492840.2631578947
118 630002.8333333334
119 558274.5733333334
120 392078.208
121 805010.407079646
122 385929.768
123 251299.46511627908
124 398318.65185185184
125 605257.8840579711
126 340698.3076923077
127 314590.12987012987
128 647328.0238095238
129 271424.4087591241
130 442378.7394957983
131 648559.3984375
132 402150.87735849054
133 822617.5197368421
134 837376.975
135 457554.61870503594
136 380354.6382978723
137 416573.8333333333
138 187261.56910569104
139 654369.0378787878
140 559536.8796992481
141 388243.24305555556
142 442202.4862385321
143 780580.6638655462
144 536865.5
145 700413.8333333334
146 375544.0852713178
147 920366.4838709678
148 604064.1627906977
149 725072.3166666667
150 545257.5905511811
151 541568.0952380953
152 577099.8644067796
153 260191.62589928057
154 452110.6544117647
155 850566.0
156 740897.0287769784
157 472340.31404958677
158 696746.5503355705
159 428481.1
160 517644.9366197183
161 610829.175
162 756344.3664596273
163 588348.9166666666
164 670553.4881889764
165 741023.6571428571
166 641060.0655737704
167 623971.546875
168 896704.2941176471
169 862600.785123967
170 823979.7462686567
171 785081.5190839694
172 1089347.1693548388
173 730805.2890625
174 754196.4453781513
175 546223.2589928057
176 598066.8942307692
177 653336.0802919707
178 751007.072
179 758689.6363636364
180 746817.5
181 446326.21527777775
182 850303.6062992126
183 597987.1439393939
184 679626.0569105691
185 481080.63963963964
186 508760.81512605044
187 526616.8032786886
188 755769.6041666666
189 812044.0181818182
190 705661.7972027973
191 654858.2384615385
192 996212.8782608695
193 681586.0555555555
194 537886.6086956522
195 482659.3097345133
196 563831.074074074
197 499258.6475409836
198 549251.16
199 816079.3414634146
200 449459.0534351145
201 712385.9571428571
202 829221.6535433071
203 716193.6585365854
204 673681.16
205 728085.3623188406
206 711395.1550387597
207 763306.6971830986
208 264569.95049504953
209 742772.5229357798
210 904688.1555555556
211 896244.0633802817
212 760432.8503937008
213 974849.6538461539
214 783663.1833333333
215 1001129.1929824562
216 871740.7107438017
217 763164.7596153846
218 671387.2884615385
219 471771.26612903224
220 693402.0202702703
221 1107197.6605504588
222 664799.5752212389
223 755973.006993007
224 787252.2440944882
225 833156.099099099
226 897366.0948905109
227 794452.8
228 876524.5581395349
229 732062.0917431193
230 459093.4140625
231 593354.655737705
232 902220.4666666667
233 846688.1162790698
234 727242.0921985816
235 899539.7480314961
236 1203398.0144927537
237 913366.3550724637
238 1047336.8843537415
239 662625.0336134454
240 888503.9223300971
241 843908.3939393939
242 701774.3448275862
243 900245.704
244 853575.1981132076
245 722656.3816793893
246 795712.0155038759
247 800770.3781512605
248 715908.1654135338
249 1208445.017857143
250 885331.1689189189
251 1218390.3333333333
252 535928.7463768116
253 837614.9745762711
254 1152438.3412698412
255 1187212.3070866142
256 790827.5187969925
257 692460.8705035971
258 688603.8529411765
259 557206.2777777778
260 980324.7931034482
261 792553.9448818897
262 880206.7435897436
263 1184333.75
264 1111197.9112903227
265 700356.6043165468
266 1926119.1526717558
267 778785.3643410853
268 922943.953125
269 1351409.6810344828
270 1302878.3308270676
271 953500.7716535433
272 946017.0827067669
273 1229413.208
274 1011030.6134453781
275 1034911.2313432836
276 909141.3464566929
277 1322959.3873239437
278 1098244.3545454545
279 729867.2564102564
280 971000.5361445784
281 1275014.12
282 1479480.067669173
283 988179.7196969697
284 843400.5547945206
285 733419.3963963964
286 1157311.4117647058
287 1065714.4761904762
288 994807.9230769231
289 945481.3714285714
290 1306803.619047619
291 819478.7313432836
292 1125196.510948905
293 995034.6854838709
294 1129129.349593496
295 989770.9056603773
296 899627.0482758621
297 866035.9689922481
298 1679243.3653846155
299 913317.8461538461
300 1239428.060150376
301 884833.8220338983
302 1089702.1526717558
303 1109809.9238095237
304 1259437.190140845
305 1385388.0215827338
306 1291752.8206896551
307 1058568.0785714285
308 1000635.7310344827
309 992020.729032258
310 1574437.8632478632
311 933046.4504504504
312 781930.6223776224
313 1284901.3383458646
314 1218659.3333333333
315 1115419.05
316 906386.937007874
317 1387621.2411347518
318 1052700.6875
319 660814.8823529412
320 1502159.0884955751
321 1372306.8794326242
322 1249152.6030534352
323 1237515.8015873015
324 1277302.5034965035
325 743445.7704918033
326 836221.3025210084
327 1326501.801724138
328 1396177.4146341463
329 1213105.9185185186
330 1156803.1953125
331 1285969.1310344827
332 1423425.4203821656
333 1433177.4492753623
334 1406399.3286713287
335 1347848.3391304347
336 1238000.5130434784
337 1349759.672
338 1499145.5820895522
339 1675343.5478260869
340 1035290.896
341 1363529.5241935484
342 806916.1703703704
343 1439158.9142857143
344 1551723.6842105263
345 1471715.7894736843
346 1476776.296875
347 1290263.5409836066
348 861963.0681818182
349 1529965.107142857
350 859823.8717948718
351 1319330.5524475526
352 1484797.6186440678
353 1089232.2348484849
354 1438934.2521008404
355 1236733.6744186047
356 1112209.7575757576
357 1629545.5467625898
358 1095588.899224806
359 1767416.3937007873
360 973448.9391304348
361 1168574.8473282442
362 1422223.963768116
363 1748539.7047619047
364 1134474.7950819673
365 1648106.9772727273
366 1593537.036231884
367 1377319.8115942029
368 1428867.0
369 1332850.9682539683
370 1713402.7846153846
371 1122282.2977099237
372 1456281.1967213114
373 1359122.060150376
374 1204490.1300813009
375 1385564.4568965517
376 1605476.156716418
377 1562658.060150376
378 1285811.0625
379 989004.624
380 1150569.0819672132
381 1650943.726618705
382 1590251.2338709678
383 1337534.4552238807
384 1287907.899224806
385 1316001.4661654136
386 850514.3865546219
387 1166185.2246376812
388 1516480.0826446281
389 1579306.8099173554
390 1454133.3358778625
391 1134005.6402877697
392 1737874.62987013
393 1322941.5714285714
394 1152687.3014705882
395 2341182.1268656715
396 1662909.1452991453
397 1119375.6090225563
398 2488682.748091603
399 1692205.16
400 1369193.5952380951
401 1678559.5241935484
402 1319883.1311475409
403 1352644.7555555555
404 1782111.2677165354
405 1342796.9722222222
406 1606165.1068702291
407 1464482.3138686132
408 1123478.171875
409 1443523.5333333334
410 1134726.8666666667
411 1686253.5982142857
412 1433824.5396825396
413 1518408.1985294118
414 1575207.8837209302
415 1118021.0147058824
416 1907638.536
417 2036437.7068965517
418 2025472.5217391304
419 1549608.6976744186
420 1481656.9921259843
421 1465399.781690141
422 1692656.2483221476
423 1203296.6141732284
424 1831985.1603053436
425 1798828.6231884058
426 1827738.9552238807
427 1509092.553030303
428 1092282.2342342343
429 1435864.3247863248
430 1650440.6524822696
431 1499677.9032258065
432 1690444.6666666667
433 2326742.025
434 1392197.4077669904
435 1483756.562962963
436 1768837.5317460317
437 1886114.9338235294
438 1644469.9913793104
439 1729258.6923076923
440 1642856.9259259258
441 1340654.3676470588
442 1960188.4885496183
443 1763099.8655462186
444 1735798.2773722627
445 1403276.0166666666
446 2000453.4421768708
447 1579634.686440678
448 1303396.568
449 1473611.9448818897
450 1013765.6507936508
451 1646770.0948275863
452 1554565.195945946
453 1215885.9918699188
454 1505228.4214876033
455 978027.904
456 1939627.2479338844
457 1878932.2086956522
458 1640910.0384615385
459 2607618.1015625
460 1315042.0992366413
461 1215790.0819672132
462 2114599.087301587
463 2070667.2835820895
464 1706095.2936507936
465 1827831.5081967213
466 1762055.024
467 1358901.6
468 1931297.537414966
469 1570930.2459016393
470 2608828.8863636362
471 1014204.4566929134
472 1318543.1983471075
473 1691653.4827586208
474 1650113.6306306305
475 1626844.8153846154
476 1832362.6766917293
477 2008519.6692913387
478 1935261.5714285714
479 1789413.472440945
480 1721197.4411764706
481 1914907.809859155
482 2115294.9465648853
483 1977376.896
484 1887148.373015873
485 1456055.220472441
486 1344606.4919354839
487 1896326.5625
488 1580052.0081967213
489 2215179.307142857
490 2028849.0962962962
491 2647343.251968504
492 2293566.618705036
493 2219307.9919354836
494 2085746.5217391304
495 2359159.4444444445
496 2108325.8253968256
497 1663033.642857143
498 2159628.5833333335
499 1443124.5043478261
500 2169955.3172413795
501 1699825.4876033058
502 1876091.4365079366
503 1841858.64
504 2038857.0729927006
505 1537875.947761194
506 1529066.9007633587
507 2493062.616
508 1423491.8270676692
509 2061701.5945945946
510 1726398.615942029
511 2225501.5982905985
512 1827294.566878981
513 2303371.7183098593
514 1890700.1554054054
515 2515013.3937007873
516 1978367.5855855856
517 2242164.4744525547
518 2087056.4603174604
519 1901516.6929133858
520 2153020.5942028984
521 2135281.3854166665
522 2395864.4504504506
523 2493858.201550388
524 2552051.475409836
525 1782047.1913043477
526 2076103.874074074
527 2270086.6
528 1839374.944
529 1861892.0081967213
530 2063457.2624113476
531 1991908.5086206896
532 1901092.282442748
533 2093111.6742424243
534 1863151.9568965517
535 2212268.964028777
536 2103864.2045454546
537 1788012.1323529412
538 2501304.0757575757
539 3279601.519379845
540 1596276.2564102565
541 2067747.8540145985
542 1598840.7647058824
543 2081952.296875
544 2001443.112781955
545 2157162.95
546 2094279.0071428572
547 2349352.15625
548 1924017.6641221375
549 1595502.6666666667
550 2323939.871212121
551 2126185.8208955224
552 2643313.6412213743
553 1477602.8217054263
554 2661315.1041666665
555 1625360.0992366413
556 1984222.348148148
557 1652280.1333333333
558 1954349.8714285714
559 1866419.2920353983
560 2064256.8510638298
561 2161232.0970149254
562 1788978.8333333333
563 2026494.095652174
564 1827296.8970588236
565 1949647.2794117648
566 2139221.9098360655
567 1832967.8320610686
568 2492630.716666667
569 3526756.8294573645
570 1727214.4677419355
571 1993610.9538461538
572 2204436.676056338
573 1627546.3597122303
574 2732631.972477064
575 2201332.6774193547
576 1745812.0489510489
577 1781714.4206349207
578 2147592.191780822
579 1747195.111111111
580 2229548.9380530976
581 1996340.572580645
582 2310307.4491525423
583 3147421.3571428573
584 2165271.7130434783
585 2187176.9270072994
586 2059346.801724138
587 2711007.6666666665
588 3145964.64
589 2612893.3259259257
590 3111788.8421052634
591 2575300.5327868853
592 2377787.7583333333
593 1999540.7428571428
594 2103154.814516129
595 1947495.3548387096
596 2061231.3703703703
597 2341073.185714286
598 2271269.932835821
599 2471687.536764706
600 2624438.5229357798
601 2141184.64
602 2024415.3695652173
603 2315755.0650406503
604 2188259.6434108526
605 2058437.3243243243
606 3055229.35
607 2055040.8676470588
608 2525995.707964602
609 2816779.8359375
610 2421792.7657657657
611 1840155.1875
612 1906125.290076336
613 2786110.7214285713
614 2194750.7266666666
615 2291242.5681818184
616 2595043.3538461537
617 1925706.9545454546
618 1765588.2481203007
619 2947420.795774648
620 1950864.9870967742
621 1869376.956521739
622 2281979.8217054266
623 2276159.0984848486
624 1891213.045045045
625 1986258.325203252
626 1788514.6486486488
627 2682420.0078125
628 2685324.426356589
629 2215239.0222222223
630 3132785.529411765
631 2199861.162601626
632 2422086.123076923
633 2069315.1985815603
634 1879428.4285714286
635 2751602.408333333
636 2622343.5460992907
637 2919909.9583333335
638 2841828.8666666667
639 1883409.1538461538
640 3383964.7522123894
641 3489230.138686131
642 2120578.017094017
643 2759833.35
644 3074936.120300752
645 2386389.686440678
646 2145980.0833333335
647 2644802.0948275863
648 2843565.0942028984
649 2986270.834782609
650 2362413.661157025
651 1955032.9765625
652 5164760.604651162
653 2358440.671232877
654 2146876.850877193
655 3400777.2
656 2307707.68503937
657 2874413.7094017095
658 2551666.056451613
659 2224670.6569343065
660 2863504.86259542
661 2390398.9166666665
662 2923601.526717557
663 2017016.237410072
664 5602272.335616439
665 4191162.576642336
666 2236287.6041666665
667 2690106.1267605633
668 2358442.783333333
669 3975944.812030075
670 2474205.069767442
671 3052447.3220338984
672 2206344.7910447763
673 1959167.9105691058
674 2702448.8984375
675 2239714.2627737224
676 2794722.7117117117
677 3418874.8305084747
678 2424715.935483871
679 2227724.595238095
680 2411669.9078014186
681 2937902.7578125
682 2446104.8661417323
683 3297307.3846153845
684 2534157.419847328
685 2931898.676258993
686 2477897.3846153845
687 3027005.622047244
688 2116171.3649635036
689 3171922.565217391
690 2727133.4054054054
691 2791730.338345865
692 3299448.613138686
693 3382359.307017544
694 2614947.5390625
695 1844262.3161764706
696 2308262.2464788733
697 2226822.42519685
698 2831678.9923076923
699 2336590.4015151514
700 2252732.32
701 3026941.0211267606
702 2999503.5
703 2706911.9032258065
704 3511856.1946308725
705 5838410.121212121
706 3285518.768656716
707 3320627.082644628
708 2280809.0503597124
709 2506431.3675213675
710 4757301.867768595
711 2470612.7101449277
712 2585281.264
713 3349231.805970149
714 2524571.4710144927
715 2350510.4098360655
716 2833644.472222222
717 2432272.188976378
718 3241883.038095238
719 2738484.546153846
720 3712690.794117647
721 2606787.940677966
722 4744265.896
723 2341977.9140625
724 3591525.2580645164
725 5117647.014814815
726 3413238.125
727 2748251.815384615
728 3018996.984126984
729 2379445.6666666665
730 2613452.0420168065
731 3710142.052173913
732 3161986.343283582
733 2916970.3303571427
734 2614146.536082474
735 2575052.03125
736 3215804.557142857
737 3054582.108527132
738 2338770.0503597124
739 2628263.43697479
740 2984738.536
741 4174445.2769230767
742 2536353.6838235296
743 4912424.620689655
744 4960594.877358491
745 4378904.326241135
746 2379027.9264705884
747 2809261.3257575757
748 4246939.947019868
749 5147453.208333333
750 3396797.2170542637
751 3142621.1363636362
752 4080499.268115942
753 2333602.914893617
754 3490764.376923077
755 5914372.404411765
756 4678671.975609756
757 3355651.714285714
758 2729188.3129770993
759 4790199.714285715
760 3228106.153153153
761 3437003.849557522
762 2856245.6218487397
763 4799547.959459459
764 5557841.546153846
765 5978512.887323944
766 2735935.6634615385
767 4250728.8595041325
768 2567973.6666666665
769 6333375.341269841
770 3869436.816
771 2659916.628787879
772 3100570.152777778
773 3421077.6740740743
774 5373720.921259843
775 4005174.0074626864
776 6970621.157894737
777 2806421.340909091
778 2633080.94488189
779 7622234.202797202
780 4485834.660869565
781 2234538.3949579834
782 2599371.707482993
783 5196581.549618321
784 5110430.047244094
785 2830933.279661017
786 4320167.688405797
787 3088865.8671875
788 2609748.4913793104
789 3153898.512396694
790 4131906.696969697
791 3061934.234375
792 4583010.026785715
793 5120909.834586466
794 3184041.224
795 2561474.580882353
796 6928453.947368421
797 7181892.682539683
798 2735810.0757575757
799 2682277.104
800 3752489.9411764704
801 3809009.0
802 3165759.012987013
803 5604951.862318841
804 3797282.007936508
805 5930424.658536585
806 3225241.503875969
807 3555100.795081967
808 3690250.15
809 3828327.681415929
810 3119756.4846153846
811 5108555.607142857
812 6103301.5
813 4180248.713286713
814 4878573.2480620155
815 3256967.157480315
816 1.2493210914529914E7
817 3775342.8857142855
818 6869283.244755245
819 4823555.97887324
820 2843099.7102803737
821 3160093.848
822 5413828.609929078
823 2891725.842465753
824 5191502.5040650405
825 2187479.5
826 3661518.5
827 7190716.476190476
828 2563068.2338709678
829 3172666.523809524
830 4090440.7086614175
831 7627030.112781955
832 5896102.984126984
833 9556602.487179488
834 5520607.179856115
835 3231489.7579617836
836 5169575.157894737
837 4286109.783333333
838 1.744043690350877E7
839 5019142.08
840 3620187.207692308
841 1.1361680406015038E7
842 5220860.414285715
843 4690912.052631579
844 5643502.5407407405
845 2854139.2598425196
846 3692439.897637795
847 3178475.3959731543
848 7667492.906779661
849 3405342.2109375
850 8424867.398305085
851 5694857.549180328
852 1.02993345323741E7
853 3256880.7117117117
854 4094891.0384615385
855 3742921.1481481483
856 4619788.94017094
857 3290559.5503875967
858 2313002.3909774437
859 3477356.9788732394
860 1.0364680352941176E7
861 8009362.300884956
862 3542675.2636363637
863 3471135.9787234045
864 4809192.8
865 4256277.18115942
866 4411588.054545455
867 3253042.4453125
868 2477294.1679389314
869 2.546676229090909E7
870 4114706.6739130435
871 4139858.5798319327
872 2706515.8854961833
873 3610218.0588235296
874 2981842.143939394
875 4043182.9078014186
876 7279096.864
877 1.3277409874015749E7
878 1.7554796573913045E7
879 3290837.9215686275
880 5275573.19047619
881 6893497.417322835
882 6476546.125874126
883 3642621.88
884 2.0318331432624113E7
885 7961985.733870967
886 3688484.4496124033
887 3458285.335403727
888 6840331.557377049
889 2874745.1830985914
890 8519358.252336448
891 1.2086034253731344E7
892 5985753.3046875
893 3687177.484126984
894 6117690.535714285
895 3045098.8053097343
896 5524684.652892562
897 3027160.425373134
898 7043295.508064516
899 6398923.157894737
900 1.1540132068181818E7
901 9011144.411392406
902 8166937.640845071
903 8720102.944444444
904 3133543.7153846156
905 3236771.9243697478
906 4724144.311111111
907 1.789750322E7
908 6899372.803030303
909 6456037.647058823
910 9685903.037313433
911 1.6148277090225564E7
912 5512825.292682927
913 6770562.17037037
914 4877870.966942149
915 1.7579509896551725E7
916 6249430.70093458
917 3738497.8243243243
918 1.6154657739726027E7
919 1.0432769837398374E7
920 8936263.487603305
921 1.5031554894736841E7
922 7675481.133802817
923 7883021.543103448
924 1.1828348475177305E7
925 7946473.407142857
926 4.276001759016393E7
927 2.2625864569105692E7
928 1.718127510483871E7
929 1.3422633841463415E7
930 3.0261804147826087E7
931 2289976.920353982
932 7225112.89380531
933 6.71648068203125E7
934 2.1575221403100774E7
935 2.1992542016E7
936 3219484.3985507246
937 1.0531283384E7
938 1.0656507591240875E7
939 1.412188022556391E7
940 3368541.6637931033
941 3.1662324675E7
942 1.0094959717105264E7
943 1.5268986183006536E7
944 1.4311116041666666E7
945 3.086480544329897E7
946 1.0493552240601504E7
947 5.039219429032258E7
948 4.070438048091603E7
949 1.1934928263888888E7
950 3781556.747826087
951 2.73560826446281E7
952 1.083698300819672E7
953 4509450.3046875
954 2.445219913740458E7
955 3.9993593330882356E7
956 1.3387996616161617E7
957 6414090.92920354
958 3.448614207258064E7
959 7663087.007092198
960 3686142.7317073173
961 7052273.113821139
962 3489766.3727272726
963 1.070173095984252E8
964 7.86598789057971E7
965 1.5054427120967742E7
966 1.0582798322137405E8
967 1.363443889208633E7
968 8446299.475409836
969 8.205020378861788E7
970 1.2600584577235773E7
971 3.1355146129310343E7
972 1.7642845296638656E8
973 1.0142401699115044E7
974 2.393084207563025E7
975 1.792914753731343E7
976 3507305.312
977 6698430.866666666
978 7747058.700854701
979 3345587.581196581
980 4121718.013888889
981 3427190.881118881
982 3031059.3358778628
983 4.8151457906666666E7
984 3057348.7328244275
985 1.1929431014184397E7
986 3247521.964912281
987 9170406.023809524
988 6005294.632352941
989 3412101.568
990 3481826.4552845526
991 4775274.671532847
992 4.4377856773049645E7
993 5103683.8828125
994 2.7229758E7
995 3.2813274820895523E7
996 1.0204966753623188E7
997 3.8262738218045115E7
998 2.0871188834532373E7
999 2.3719618616541352E7
