1 2165.6652631578945
2 2192.6955602536996
3 2166.829213483146
4 3770.4826086956523
5 170861.6068548387
6 982410.6375545851
7 684982.2283105023
8 2063117.0303030303
9 191171.18620689656
10 1217738.785263158
11 517078.63516483514
12 387754.9555555555
13 583086.7139479906
14 748610.1767337808
15 177112.13963963964
16 1502594.3586206897
17 1668897.7566462168
18 1628880.1473429953
19 1233354.3887530563
20 887032.7931818182
21 221041.77804295943
22 1662287.6842105263
23 559276.4561403509
24 415895.81774580333
25 1376300.0355555555
26 2510621.9906542054
27 1287697.213973799
28 1273104.5729847495
29 1244717.3885209714
30 2256969.220338983
31 3086868.986143187
32 1551888.4046997388
33 2515249.3163716816
34 2986141.221294363
35 1522053.9041666666
36 1710470.297235023
37 1370359.8795454546
38 4804175.889400922
39 3908660.0297239916
40 7111239.423887588
41 2642717.0234192037
42 1862959.4162895929
43 3261509.237687366
44 3259904.7020785217
45 3874710.569672131
46 3154580.6395348837
47 2785696.2842892767
48 5835825.209821428
49 6555642.960869566
50 3557937.2123142253
51 6079892.722466961
52 2927483.859688196
53 1733715.1173814898
54 2618428.768018018
55 2894468.4431818184
56 4540499.944933921
57 6526156.209349593
58 3260959.892601432
59 2798458.597609562
60 3463728.787037037
61 5008090.394431555
62 2778534.2942477874
63 5001553.993055556
64 5076907.412735849
65 4407655.654347826
66 4676866.81156317
67 5755299.013953488
68 3498605.802222222
69 5805489.1228070175
70 5614993.202614379
71 5116536.021097046
72 7332485.64399093
73 5673655.709443099
74 4896917.503496503
75 5269699.6299019605
76 4439472.332603939
77 2884163.0893246187
78 3279357.1268817205
79 5863455.453586498
80 4281303.784269663
81 6113334.179039301
82 6490304.827586207
83 6693754.929978118
84 4019451.811594203
85 9390243.152777778
86 5871969.99751861
87 2300866.494456763
88 6904151.626666667
89 5230027.411764706
90 9702965.169265034
91 6450579.31590414
92 7352462.230232558
93 6254735.443722944
94 9170209.664285714
95 5163745.911458333
96 5386114.9137168145
97 7645440.225165563
98 5560123.046620047
99 4125282.6681514475
100 8935429.006289309
101 4997331.348027842
102 6433651.6327800825
103 5232584.982646421
104 6501022.8479809975
105 5287655.843537415
106 4727429.468235294
107 7088737.96112311
108 7775239.805676856
109 8474786.108352145
110 1.0239904435185185E7
111 6907381.810267857
112 8857690.708595388
113 8522881.711267605
114 6026651.576496674
115 7772017.7027600845
116 1.1387235733624455E7
117 9663209.384955753
118 9669932.572706936
119 1.0196030939849624E7
120 1.4255454755813954E7
121 5695042.18061674
122 9027836.0311804
123 8305572.883333334
124 9887383.938496584
125 8556809.566810345
126 1.0350127705882354E7
127 1.2235813617433414E7
128 8095381.942604857
129 1.0236125780793319E7
130 1.532068792393736E7
131 1.1359320861570248E7
132 1.0768859895966029E7
133 1.7736494139013454E7
134 6731101.286057692
135 1.4682042642105263E7
136 8782229.020224718
137 1.1116017222707424E7
138 7953263.064587973
139 1.1626611530567685E7
140 9497663.264367817
141 1.3510783520930232E7
142 9396325.462184874
143 1.0228537034013605E7
144 9569055.7167756
145 8042065.510964912
146 1.0361254580046404E7
147 7645409.581453634
148 9132891.220779222
149 1.0578370223194748E7
150 9273963.695652174
151 1.6139747279022403E7
152 6960008.510112359
153 1.2239597347826088E7
154 1.210011374717833E7
155 1.417875925221239E7
156 1.2955342352441614E7
157 1.0442146210526315E7
158 9742725.066390041
159 9991641.77293578
160 1.1632471673160173E7
161 1.2385503168918919E7
162 1.0852082678160919E7
163 9229617.236956522
164 1.12022173954023E7
165 1.0628032374712644E7
166 1.0408975043478262E7
167 1.218200540186916E7
168 1.3454774833723653E7
169 1.4290089762820512E7
170 1.0822736344298245E7
171 9050193.3117506
172 1.0571241480186481E7
173 1.3057919949656751E7
174 1.1292072584988963E7
175 1.0923534293991417E7
176 9451845.617204301
177 1.3372970197777778E7
178 7998479.272941177
179 1.3315913057007127E7
180 1.0138956761523046E7
181 1.41407557425E7
182 1.4745266702819956E7
183 1.4555668874407584E7
184 1.332860346347032E7
185 1.3134044919037199E7
186 1.64756289958159E7
187 9377012.278911564
188 9169498.029345373
189 1.0771454190930787E7
190 1.3423487969094923E7
191 1.0199807472283814E7
192 1.1170564080091532E7
193 1.3902277616977226E7
194 1.906116171658986E7
195 1.2608675981481481E7
196 1.1334308429561201E7
197 1.0069666859447004E7
198 1.4020737039045554E7
199 1.6032197988179669E7
200 1.3407995843400447E7
201 1.4202441091549296E7
202 2.1731416305429865E7
203 1.4518421496535797E7
204 1.4020280589201879E7
205 1.6183920313364055E7
206 1.4069158009070294E7
207 1.812738353095238E7
208 1.3869916738853503E7
209 1.2365668014861995E7
210 1.0950246137850467E7
211 1.2397978658008657E7
212 1.1038667787418654E7
213 1.4425047235294119E7
214 1.0243971564920273E7
215 1.8137402595641647E7
216 1.162966293859649E7
217 1.240283152455357E7
218 1.4910210695652174E7
219 1.0286953688940093E7
220 1.0470567299349241E7
221 1.4316488006849315E7
222 1.4087012849223947E7
223 1.2342557861111112E7
224 1.2349071821852732E7
225 2.0807477564159293E7
226 1.5620864310945274E7
227 1.576732861872146E7
228 1.578185181589958E7
229 1.4443422779859485E7
230 1.6012797629186602E7
231 2.0300693159041394E7
232 1.0761196796909492E7
233 1.8364216980932202E7
234 1.6399213894613583E7
235 1.861357276821192E7
236 1.6027720489626557E7
237 1.1879884501118569E7
238 1.2122801617256638E7
239 1.3322495512987014E7
240 2.0403852021786492E7
241 1.4786248853773585E7
242 1.50284974030837E7
243 2.2172773398706898E7
244 1.8414641781038374E7
245 1.1526670357466063E7
246 1.851709867458432E7
247 1.363666814516129E7
248 2.2973099305361304E7
249 1.7518727025056947E7
250 2.029303341090147E7
251 1.995013128539823E7
252 1.961399020399113E7
253 1.2811164916289592E7
254 1.812500123390558E7
255 2.1565892556581985E7
256 2.151825240589569E7
257 1.935352975751073E7
258 1.8086877185941044E7
259 2.2863056284823284E7
260 2.3516536576754387E7
261 2.285280729638009E7
262 1.965312655654102E7
263 1.2221278968397291E7
264 2.5450262451851852E7
265 1.886615193829787E7
266 1.5847378019955654E7
267 1.6558739817777777E7
268 1.9025385799043063E7
269 2.048797887272727E7
270 1.90966112045977E7
271 2.05687805811138E7
272 1.9391628145089287E7
273 2.4397154637362637E7
274 1.2634202981042653E7
275 2.0521780590707965E7
276 1.8339499162637364E7
277 1.4141629952380951E7
278 2.530497460737527E7
279 2.1257753693925235E7
280 1.6872586375262056E7
281 2.513731873568282E7
282 1.766918840087146E7
283 2.1539170710526317E7
284 1.877470134968017E7
285 1.5042138766233766E7
286 1.740690635681818E7
287 2.252542169859813E7
288 2.123790125053533E7
289 1.8515993447058823E7
290 2.4388968379084967E7
291 1.6769141800429184E7
292 1.9624820457274828E7
293 2.2395003991091315E7
294 1.871702294957983E7
295 1.9924320159235667E7
296 2.556411396904762E7
297 1.6871545190697674E7
298 2.2095864596534654E7
299 1.8966308486842107E7
300 2.3306086530991737E7
301 1.7767090795673076E7
302 1.9912004228637412E7
303 1.8486347987951808E7
304 2.0798972288288288E7
305 2.7302074252983294E7
306 2.4303215590413943E7
307 2.177634412803532E7
308 2.4907157152424943E7
309 2.1794129656036448E7
310 2.2806464337028824E7
311 2.2748468795180723E7
312 2.356477707991361E7
313 2.907331683143508E7
314 1.4872718450980391E7
315 2.045557863448276E7
316 1.8159574077830188E7
317 2.4484211192575406E7
318 2.8957425699346405E7
319 1.4275382085106382E7
320 1.811625704784689E7
321 1.81963935210643E7
322 2.2636113246153846E7
323 1.7406628625267666E7
324 1.9594644902439024E7
325 1.5615260488789238E7
326 2.3332557708433736E7
327 1.7629095574074075E7
328 2.578572126754386E7
329 2.7372226501246884E7
330 1.9242067710213777E7
331 3.0034016535962876E7
332 2.49443049055794E7
333 2.0066213523114353E7
334 3.2897658986577183E7
335 2.014898551173709E7
336 2.2380071772093024E7
337 2.771530120238095E7
338 2.0317596684665225E7
339 2.6476741346938774E7
340 2.0808772126126125E7
341 1.9743332097510375E7
342 2.4081649312364426E7
343 2.3959273783231083E7
344 2.0820907463963963E7
345 1.9841526457207207E7
346 2.8692006695259593E7
347 2.1648731541474655E7
348 2.5376878690140843E7
349 2.1807902128755365E7
350 2.1725329110204082E7
351 2.4477737472340427E7
352 2.1242737504484303E7
353 2.433847018266979E7
354 2.1189438302752294E7
355 3.2361933833712984E7
356 1.8925216802721087E7
357 2.393537559188544E7
358 2.5319842540342297E7
359 2.5108905790948275E7
360 3.2613195796976242E7
361 2.3538311628008753E7
362 2.0908842170940172E7
363 2.1379468350114416E7
364 2.2038641062937062E7
365 2.1239730487750556E7
366 2.8183701461363636E7
367 3.3475695507142857E7
368 1.9464595783783782E7
369 3.724994815665236E7
370 2.4098689079439253E7
371 2.92958014030837E7
372 2.7531754997858673E7
373 3.524830947309417E7
374 2.3182123522292994E7
375 2.330702296923077E7
376 2.3142981889411766E7
377 2.625231051333333E7
378 2.378074444269663E7
379 2.6117636893764433E7
380 2.3082835118568234E7
381 2.8962509008510638E7
382 2.119639894047619E7
383 3.067125759728507E7
384 2.9333913427312776E7
385 2.7779310158371042E7
386 2.4777583802660752E7
387 3.0982616014051523E7
388 3.0535809884700663E7
389 2.2187217680851065E7
390 2.6912933585903082E7
391 2.3404029004739337E7
392 3.132069219354839E7
393 2.862021555530474E7
394 3.212360781542056E7
395 2.5989038348785874E7
396 2.6372755891257994E7
397 3.69200268061674E7
398 2.7601915412177987E7
399 2.281255620240964E7
400 2.338294943412527E7
401 3.18021825349345E7
402 2.3446866748917747E7
403 2.716233681707317E7
404 2.933891468539326E7
405 4.002718117333333E7
406 2.186776980582524E7
407 3.768511974017467E7
408 3.0386547925301205E7
409 3.1222569766004413E7
410 3.0117650833333332E7
411 2.8465090333333332E7
412 3.0469448269315675E7
413 3.4568131551020406E7
414 2.8952021267573696E7
415 3.133250938695652E7
416 2.5513045379912663E7
417 2.7947796695150115E7
418 3.0036124972515855E7
419 3.4970240753393665E7
420 3.1663198146171693E7
421 2.922559021875E7
422 3.499466283795309E7
423 2.3632682124197003E7
424 2.4444600320802007E7
425 3.62832116401766E7
426 2.8880495984682713E7
427 3.206719188016529E7
428 2.748946244638404E7
429 2.4429717586134452E7
430 3.563325524255319E7
431 3.039019773542601E7
432 3.2457997315789472E7
433 2.4748720522421524E7
434 3.2295309840807173E7
435 3.097458147191011E7
436 3.195904834761905E7
437 3.378964023974082E7
438 2.5454214578341015E7
439 3.185148475391499E7
440 2.421999776904177E7
441 3.583760662084257E7
442 2.410523858E7
443 2.548866664254386E7
444 2.5196397134210527E7
445 2.9440660876623377E7
446 3.73945242095672E7
447 3.4520308065789476E7
448 2.913960051948052E7
449 4.3267616509615384E7
450 3.175303541262136E7
451 2.8801970753488373E7
452 3.942632051351351E7
453 4.00707130877193E7
454 2.5341064127802692E7
455 3.4879248898850575E7
456 4.2790975412133895E7
457 3.798585006136364E7
458 3.8998821823275864E7
459 3.3498817244008716E7
460 3.3408699562222224E7
461 4.64248864948025E7
462 2.802719439787234E7
463 3.5006446163636364E7
464 2.783560952966102E7
465 3.320784187529976E7
466 3.611151303981265E7
467 3.535048640162272E7
468 4.420899073130841E7
469 3.2289071139908258E7
470 2.975914563285024E7
471 3.818585178703704E7
472 3.308383159061834E7
473 3.752251343212669E7
474 3.719561582494005E7
475 3.631038280361174E7
476 4.361441954054054E7
477 3.498685933486239E7
478 3.1301093862527717E7
479 3.655727446620046E7
480 4.077114489356984E7
481 4.6586779668141596E7
482 3.163198290769231E7
483 4.0703984727659576E7
484 3.1737046772511847E7
485 3.5768598498866215E7
486 3.5568795486284286E7
487 3.639153868941177E7
488 3.399098224601366E7
489 3.513411656E7
490 3.1639054609341826E7
491 2.8836107016666666E7
492 3.3465376014285713E7
493 3.408952907918552E7
494 3.6306907585903086E7
495 3.7111880317351595E7
496 4.4141910895238094E7
497 4.620253702857143E7
498 4.2082468646153845E7
499 3.2022556575609755E7
500 3.6793670813043475E7
501 4.4902356038369305E7
502 4.250927304615384E7
503 3.4722152972665146E7
504 3.5492203729119636E7
505 3.4628408497727275E7
506 4.165229790063425E7
507 3.3030540438202247E7
508 3.204558198226164E7
509 3.7835335011990406E7
510 3.414693288590604E7
511 4.160646949780702E7
512 3.965514989046653E7
513 3.898396448764045E7
514 3.1288666602649007E7
515 3.997995704460094E7
516 3.818855156801909E7
517 2.5462963977220956E7
518 3.724693094529541E7
519 3.883354324242424E7
520 4.017794393197279E7
521 4.649619898614319E7
522 3.621238517523365E7
523 3.894888523318385E7
524 4.111535219866072E7
525 3.395173526126126E7
526 4.458627941330166E7
527 4.036855348558758E7
528 3.238320808056872E7
529 4.2186394945010185E7
530 2.7719041466216218E7
531 3.948680355605381E7
532 4.537264377483444E7
533 4.241791862669683E7
534 3.71411870939759E7
535 4.044641745153664E7
536 3.831230830482456E7
537 3.8526265608490564E7
538 4.089025437850467E7
539 3.8288801718604654E7
540 3.739559181411765E7
541 5.43866680861678E7
542 4.659178795734597E7
543 4.508846086574074E7
544 4.402451434772728E7
545 3.618967996519721E7
546 4.9806776125570774E7
547 4.41212038640553E7
548 4.0360422048672564E7
549 3.1572400529274005E7
550 3.584894562553191E7
551 3.688561479676674E7
552 4.0092473473799124E7
553 5.4141540871853545E7
554 4.441606099120879E7
555 4.5424085434408605E7
556 3.712756780846325E7
557 4.310309090869565E7
558 4.480636367317073E7
559 3.566496397698745E7
560 5.592956582988506E7
561 4.157596585377359E7
562 3.7661618114285715E7
563 4.911932690681818E7
564 4.368018998910675E7
565 4.720298299541284E7
566 4.525672277647059E7
567 4.265317278947368E7
568 3.81678090302267E7
569 4.33646982166302E7
570 4.054717386805555E7
571 4.0072197680898875E7
572 3.777510578620689E7
573 4.432909E7
574 4.134226989814815E7
575 5.2088850301927194E7
576 4.108087261978022E7
577 3.984312919310345E7
578 4.40655951317647E7
579 4.462543126618705E7
580 4.454443568457944E7
581 5.2158615615720525E7
582 4.665007353125E7
583 4.85730656984127E7
584 5.223411852401747E7
585 3.713046429711752E7
586 3.752048275172414E7
587 4.298138874364896E7
588 3.914662291590909E7
589 5.060559419631902E7
590 4.408231047008547E7
591 4.374494242890443E7
592 5.128435442533936E7
593 5.132349278110599E7
594 3.978624279732739E7
595 4.437536213768116E7
596 4.175062855777778E7
597 4.8516508675115205E7
598 5.1963963034722224E7
599 4.368035747887324E7
600 4.367330823060345E7
601 4.927848104938272E7
602 3.9143513432900436E7
603 4.1764445140142515E7
604 3.6807008956422016E7
605 4.497983215034168E7
606 4.510050467272727E7
607 5.0790586926724136E7
608 4.862455469320843E7
609 4.2685346427160494E7
610 5.1642372030905075E7
611 4.532115295726496E7
612 5.219716874940898E7
613 5.395943193991416E7
614 4.408350864563107E7
615 5.029180031428572E7
616 5.3199225864253394E7
617 4.927579671520343E7
618 4.382878193835616E7
619 4.4737281391100705E7
620 4.410695060927153E7
621 5.0825389770042196E7
622 5.810504293647059E7
623 4.756648106993007E7
624 4.529682813043478E7
625 5.850033549553572E7
626 4.574184340415704E7
627 5.450589209172259E7
628 4.981559254606742E7
629 4.6227082694736846E7
630 5.254261241486811E7
631 5.507099850678733E7
632 5.022672504295943E7
633 4.355928047487437E7
634 4.4462804626146786E7
635 4.832996441706161E7
636 3.825385506074766E7
637 4.5220255796650715E7
638 5.233751039207049E7
639 5.687401737391304E7
640 5.079604300733496E7
641 5.4515238588652484E7
642 4.813127294157303E7
643 4.8975471507658646E7
644 4.567917426695842E7
645 4.456219242326733E7
646 5.32933621459695E7
647 6.579351906451613E7
648 4.6281620877030164E7
649 4.9643309024271846E7
650 5.176471099090909E7
651 4.92513261216545E7
652 5.465983832494279E7
653 4.92644510234192E7
654 4.28007436843318E7
655 5.999037755913979E7
656 6.078432851521739E7
657 3.852241064923748E7
658 5.256579365256125E7
659 5.983407411255411E7
660 5.2099256244705886E7
661 4.729664312473573E7
662 4.56133096945055E7
663 6.253617569099756E7
664 5.1544588067567565E7
665 4.806481583009709E7
666 4.950182974004193E7
667 4.3367128737668164E7
668 4.9702738274698794E7
669 4.517115203532009E7
670 4.3833307277894735E7
671 5.301323209259259E7
672 3.679621478384798E7
673 4.540043175288684E7
674 4.880724999313501E7
675 4.5641063351111114E7
676 4.298794878537736E7
677 5.470259291190476E7
678 4.3633978574117646E7
679 5.356297236165577E7
680 5.413303997014926E7
681 4.704134656674473E7
682 4.8654834303482585E7
683 5.732706792063492E7
684 5.4956105722222224E7
685 4.954038362232779E7
686 5.325137301133787E7
687 4.482068704269663E7
688 6.4518802006410256E7
689 6.24901918592233E7
690 5.6479960396103896E7
691 4.1850978134883724E7
692 5.249726715964523E7
693 7.959792588652483E7
694 5.613827223598131E7
695 5.8347476720264316E7
696 5.195913305960265E7
697 5.607818931180401E7
698 4.788528208466819E7
699 6.136366720091324E7
700 5.482263395505618E7
701 5.744384614823009E7
702 7.262306142608696E7
703 6.5494436679487176E7
704 4.9227234569767445E7
705 4.015040741258741E7
706 5.0757138157384984E7
707 7.030651012826604E7
708 5.551651979458239E7
709 7.428980697411765E7
710 6.012449790432802E7
711 4.966663061320755E7
712 5.817941997208122E7
713 6.087658628697572E7
714 5.993980586519608E7
715 6.890994441176471E7
716 5.0211732155813955E7
717 4.870767053070176E7
718 4.897800572847682E7
719 6.472782376889849E7
720 6.332366422425629E7
721 8.290029119700748E7
722 6.391623824337349E7
723 6.07588224924406E7
724 6.00689678997555E7
725 5.9016453206161134E7
726 5.7779941465478845E7
727 5.869722729361702E7
728 4.7262590314769976E7
729 5.594085420785219E7
730 5.137616779822616E7
731 6.239474845641026E7
732 6.2339105788671024E7
733 7.281778136430317E7
734 5.3279169077283375E7
735 6.083840861978022E7
736 5.530845857938144E7
737 5.8488665632850245E7
738 5.356184473882353E7
739 6.767219332199547E7
740 6.4306306949781656E7
741 6.242312447058824E7
742 5.9300803532110095E7
743 5.119718866591928E7
744 4.847569053393665E7
745 6.384479519784946E7
746 6.362014802505695E7
747 5.459476183936652E7
748 6.121111024269663E7
749 5.2069968254004575E7
750 5.7961015256532066E7
751 5.2333045361173816E7
752 6.977396701762114E7
753 5.808493297123894E7
754 6.501209843107221E7
755 7.388030079487179E7
756 6.508706427310924E7
757 7.329180375913979E7
758 5.681330383990719E7
759 6.667617873226544E7
760 7.269515554418604E7
761 7.58702287887324E7
762 7.149509664988558E7
763 5.256316394444445E7
764 8.32073542446352E7
765 6.57307209116279E7
766 5.965436846770601E7
767 6.246635364691943E7
768 6.86741179067599E7
769 8.64470334556701E7
770 6.88913432494331E7
771 5.752734161678004E7
772 5.6597656372294374E7
773 7.754462023990498E7
774 6.847347607777777E7
775 5.630749875743707E7
776 8.374466879175258E7
777 7.673527468736142E7
778 6.3480788648888886E7
779 5.331385923861171E7
780 7.9391579025E7
781 5.228620436597938E7
782 6.303026220935412E7
783 7.081919321507761E7
784 8.146794142505592E7
785 7.328842521086957E7
786 7.302824979385965E7
787 6.723151543817787E7
788 5.580592576190476E7
789 6.251389375694445E7
790 6.048944982420091E7
791 5.284268379534884E7
792 1.1177696878271028E8
793 6.7053796111872144E7
794 8.361810250967743E7
795 6.258039155429864E7
796 8.731658607017544E7
797 7.743315361706783E7
798 5.994880610666667E7
799 6.020366358547009E7
800 8.696558820171674E7
801 8.273657691463415E7
802 6.470188152666666E7
803 6.839874828735632E7
804 6.933209849419953E7
805 7.76949584221219E7
806 8.946407960470085E7
807 7.047519651213592E7
808 6.670985166741573E7
809 6.419993546506024E7
810 1.4038563757534248E8
811 7.084988181912681E7
812 7.482554697536945E7
813 7.747116171875E7
814 6.084823438004246E7
815 6.5939661898419864E7
816 7.424327398780487E7
817 6.2196554600431964E7
818 7.294488416587678E7
819 5.782774220093458E7
820 8.476610342334096E7
821 9.00176101589404E7
822 8.582585667924528E7
823 6.3337877897243105E7
824 5.376396512331839E7
825 8.201072208955224E7
826 5.946172845979381E7
827 7.479167762663755E7
828 8.06481516981132E7
829 6.3447256284688994E7
830 6.533103499759036E7
831 7.598929943340857E7
832 5.517241309489051E7
833 6.450653494977169E7
834 7.125094714194915E7
835 1.3199411723376623E8
836 1.009919422E8
837 1.011664103235294E8
838 6.245013415765766E7
839 5.834478486407767E7
840 7.028927536403508E7
841 5.608929139953271E7
842 1.1334391578250591E8
843 6.331261078538813E7
844 7.068958262650603E7
845 9.088994667937219E7
846 7.187613650535332E7
847 6.869182024724062E7
848 7.322738511915888E7
849 1.5450489711607143E8
850 6.336837459447005E7
851 1.3504878174828374E8
852 5.3679914163017035E7
853 8.456536374364896E7
854 8.26357502117904E7
855 8.046852117701149E7
856 6.544020227790433E7
857 6.309141564908257E7
858 9.280948433039647E7
859 8.171952832062781E7
860 1.2473962915631692E8
861 8.587976907819906E7
862 8.405304444803695E7
863 7.554338498740554E7
864 9.995469296E7
865 1.032091312886598E8
866 7.519672941350211E7
867 8.333984880049261E7
868 7.780208550993377E7
869 6.0682300946666665E7
870 6.207590264832536E7
871 1.124754458380744E8
872 1.3452925060954446E8
873 7.637279851224944E7
874 9.201317271689498E7
875 9.25925588438914E7
876 1.1832434316046512E8
877 7.35353933625866E7
878 7.117424372331154E7
879 9.958182873960613E7
880 7.858664766666667E7
881 7.473211504E7
882 7.97711221403118E7
883 8.175138152680653E7
884 7.19854633286385E7
885 1.267186632817552E8
886 8.179910132857142E7
887 1.263015452058212E8
888 1.1632813324537037E8
889 1.6128680675884956E8
890 8.118538835242291E7
891 7.290702893377483E7
892 7.811992282222222E7
893 1.2092318521691974E8
894 8.423211283014354E7
895 6.486588725952381E7
896 7.561010030394432E7
897 7.6207835625E7
898 8.084783678801844E7
899 8.14367838989011E7
900 6.704736637719298E7
901 7.476627813033707E7
902 8.793282133414634E7
903 8.11125168E7
904 2.1840412338518518E8
905 1.1783954335E8
906 1.0771308364679912E8
907 1.6534266424654377E8
908 7.329834536017898E7
909 1.003016838951049E8
910 1.8748318033557048E8
911 7.024994306753813E7
912 7.657009096078432E7
913 1.4706419132541567E8
914 1.644352469387755E8
915 1.4525306733483145E8
916 1.0497781559201774E8
917 8.012056786454183E7
918 1.1914747464748201E8
919 7.75200320845987E7
920 8.058809662801932E7
921 8.007228299109131E7
922 1.730133441484919E8
923 1.545089046375546E8
924 8.616546640322581E7
925 1.5128220519603524E8
926 1.4172323931074765E8
927 7.60232898152425E7
928 7.460363304260652E7
929 7.722857767981438E7
930 7.643527171634616E7
931 8.084447018141593E7
932 8.257882742604856E7
933 6.04905414025641E7
934 8.968521788372093E7
935 7.186106657246377E7
936 7.477394758810572E7
937 7.504467888377193E7
938 1.1421098450434783E8
939 1.1047386736590908E8
940 1.3408926264252336E8
941 7.513983458526316E7
942 1.2520153261124122E8
943 1.0047163752401747E8
944 1.1962312450989011E8
945 9.517358516778524E7
946 1.0291083574829932E8
947 1.0199875441497976E8
948 2.537586643529412E8
949 8.16302006554054E7
950 9.962055094061758E7
951 8.195290796396397E7
952 7.36614197117904E7
953 7.192138261752136E7
954 8.89608710259434E7
955 9.377261940972222E7
956 7.93752367725322E7
957 9.37085038106383E7
958 7.243866306794055E7
959 8.006710636658932E7
960 8.058357559784946E7
961 1.4961515370873785E8
962 7.805770170308788E7
963 7.853900598090692E7
964 8.709509569736843E7
965 8.192572460042283E7
966 8.97024775821256E7
967 2.6103992660280374E8
968 1.5610547923160174E8
969 8.059930706581742E7
970 7.659907287126437E7
971 1.53600982751693E8
972 9.73389204495614E7
973 7.931623769086652E7
974 1.1729029894029851E8
975 1.2057707993719807E8
976 9.512095421064815E7
977 7.906278024836601E7
978 1.8420682712555066E8
979 1.2174904380541871E8
980 1.6996755923923445E8
981 1.2242497452830188E8
982 9.083073385956417E7
983 1.8562286488839287E8
984 9.102887950808313E7
985 1.0340571656313132E8
986 8.570591600229885E7
987 7.63319804787472E7
988 8.982191863120568E7
989 1.0273102396736597E8
990 8.747227809456265E7
991 8.933798640869565E7
992 1.818336622050114E8
993 8.166684382173914E7
994 1.380375564516129E8
995 8.880372707045455E7
996 8.4102364891258E7
997 1.178932748226601E8
998 1.793736300125628E8
999 9.719445306849316E7
