1 200495.82943925232
2 2258.278801843318
3 1032013.1408450705
4 340539.8125
5 179989.19014084508
6 219335.4917257683
7 378857.8711943794
8 17415.720454545455
9 683607.16985138
10 1071357.346895075
11 684549.4956331878
12 708611.6558441558
13 1072105.417302799
14 764762.0801781737
15 424606.9718969555
16 1797710.3948598132
17 521135.8593073593
18 611093.0884955752
19 1569879.2741573034
20 1668792.6339285714
21 2103690.5103448275
22 601855.2909535452
23 602290.1726618705
24 1385416.4225663717
25 1027053.7067209776
26 910812.2954545454
27 995271.2057613168
28 2387522.854214123
29 1164767.598108747
30 1734682.3363844394
31 1536148.8995327102
32 4339900.058558558
33 1760879.0956719818
34 6350119.543325527
35 1904907.1766109786
36 2673048.340961098
37 4009360.880184332
38 1282289.7597402597
39 1868767.5132743362
40 2520566.8047619048
41 1979642.5254237289
42 3774136.4988864143
43 3635121.4479638007
44 3851171.6979405032
45 3446705.9363207547
46 2588044.3240343346
47 1204329.4597701149
48 3819052.955974843
49 3694741.758465011
50 4114625.7177033494
51 5404369.5785877
52 2202865.704651163
53 2170920.3239130434
54 2618980.722748815
55 4133372.0
56 4149327.6674208143
57 3046799.30162413
58 3283449.1261061947
59 2480282.3382978723
60 4102589.126126126
61 2615025.0653153155
62 4819187.777537797
63 4213189.831111111
64 2703648.6162046907
65 3516481.5931818183
66 6181401.127232143
67 4610059.099337748
68 4133285.144827586
69 9513749.887133183
70 4788211.528089887
71 5346960.70521542
72 3739444.8812785386
73 6108399.002298851
74 1.1133154359338062E7
75 6311458.440180587
76 5291027.888888889
77 3857938.286637931
78 4450280.131868131
79 6397635.698823529
80 4535106.937062937
81 6340955.158013544
82 9273795.936739659
83 4092799.1609977325
84 8005887.356979405
85 5688953.035794184
86 6431133.198218263
87 4668164.483796297
88 6257418.492957747
89 5624836.539583334
90 4572267.687058823
91 7085236.7825
92 6276006.9244444445
93 9136207.042643923
94 5711291.749440716
95 4949138.849148419
96 7243345.484090909
97 8778663.308056872
98 8707219.026431719
99 9997416.81663113
100 1.2413725394009216E7
101 7027245.419354838
102 9294205.671394799
103 6721374.135135135
104 7323538.964454976
105 3795723.027027027
106 8138687.695348837
107 9030927.96196868
108 8485369.802603036
109 5645014.374449339
110 8482328.379609544
111 9095036.33974359
112 7754193.484777518
113 8105948.285714285
114 9172394.816742081
115 1.130421002832244E7
116 1.1905857819172114E7
117 5763248.7173396675
118 9626108.539863326
119 6700371.137254902
120 7679808.324324325
121 7086102.550387597
122 1.3686111290780142E7
123 1.0828644385462554E7
124 7035538.437198068
125 1.024732989366516E7
126 7036772.757111598
127 7801431.258974359
128 1.0982071769931663E7
129 8822897.44646925
130 8424744.191747572
131 7743474.559020044
132 9381729.532110091
133 1.1220730616591929E7
134 1.059968300477327E7
135 1.4347474460352423E7
136 9136763.840707965
137 8681329.768398268
138 1.0922031577006508E7
139 7750148.979865772
140 7469711.639130435
141 7760435.142512077
142 1.4760614169265034E7
143 1.2739695960612692E7
144 8982637.107305937
145 1.0690415113122173E7
146 7173215.044186046
147 8384914.178021978
148 8614371.87587822
149 8361181.541935484
150 1.0707912567627495E7
151 1.1399298777517565E7
152 9763856.870824054
153 9665168.184615385
154 1.0240599405982906E7
155 1.693471796E7
156 1.08368131875E7
157 8804025.278911564
158 1.331713325E7
159 1.0984994817155756E7
160 9336577.188372092
161 1.011606927816092E7
162 8199930.325942351
163 1.1362542965235174E7
164 9695182.33901919
165 1.2781653807017544E7
166 8896682.57208238
167 1.1874901815789474E7
168 8045974.104384134
169 6695632.020179372
170 1.1975339821100917E7
171 1.2968496792873051E7
172 1.3902495208835341E7
173 1.0348796171837708E7
174 1.294807590131579E7
175 1.0981346245033113E7
176 1.0034093386574075E7
177 9740540.6
178 1.4839664117391305E7
179 1.051350968292683E7
180 1.124495359574468E7
181 1.166839820852018E7
182 1.2678833433962265E7
183 1.415692418117647E7
184 9421487.47002398
185 1.5681798307511738E7
186 1.6104980321995465E7
187 9406810.87919463
188 1.438507422368421E7
189 1.157787896803653E7
190 1.2990153762711864E7
191 1.280720129385965E7
192 1.2145080166666666E7
193 1.2222929703448275E7
194 1.3705100622129437E7
195 1.0951574158139534E7
196 1.2833027995670995E7
197 1.8422771744779583E7
198 1.3096093359908884E7
199 1.116541365771812E7
200 1.3203082746411484E7
201 1.0022363956818182E7
202 1.414330350241546E7
203 1.551161401357466E7
204 1.1682544943844492E7
205 1.1295080978354977E7
206 1.2030243904076738E7
207 1.0896097367788462E7
208 1.5415057635761589E7
209 1.3430098934684685E7
210 1.3230695542528735E7
211 1.6925030053240743E7
212 9694088.625
213 1.0940935542787286E7
214 1.1403308603325415E7
215 1.6301380121495327E7
216 1.5026819053488372E7
217 8819990.319634704
218 1.1639723632478632E7
219 1.2447132069711538E7
220 1.3451846022727273E7
221 1.7108580637316562E7
222 1.435226004136253E7
223 1.5459603135857461E7
224 1.7199065397701148E7
225 1.5352288945945946E7
226 1.8553818859188545E7
227 1.7079038769892473E7
228 1.4070124809312638E7
229 1.9395571474437628E7
230 1.2641012570539419E7
231 1.2470257980603449E7
232 1.768180466970387E7
233 1.7256089382978722E7
234 1.817146456732892E7
235 1.3485630148706896E7
236 2.0921616262008734E7
237 2.020978428416486E7
238 1.6815981317982458E7
239 1.8429150972093023E7
240 1.295829313625866E7
241 1.7336090914746545E7
242 1.1056025432967033E7
243 2.9116705084474888E7
244 1.4452091338204592E7
245 1.160811561983471E7
246 1.894278528603104E7
247 1.3649402304740407E7
248 1.7703351343478262E7
249 1.691049305689278E7
250 1.6662540716553288E7
251 1.589586645774648E7
252 1.8672810545657016E7
253 1.3806349195754716E7
254 1.5670158859410431E7
255 1.7070070322245322E7
256 1.324805055737705E7
257 1.7071731278801844E7
258 2.0726286513647642E7
259 1.525944860958904E7
260 2.0175091976293102E7
261 2.020757842511013E7
262 1.9595691348946135E7
263 1.800305043886463E7
264 1.820448877828054E7
265 1.5587854742718447E7
266 2.4424599554809842E7
267 1.978091072911964E7
268 1.7223913602380954E7
269 1.8655538899280574E7
270 1.484963167370892E7
271 2.0110083303944316E7
272 2.0328514421296295E7
273 1.5829754892601432E7
274 2.4479996101694915E7
275 2.102808085778781E7
276 1.6394110464852607E7
277 1.902604080365297E7
278 2.03139417893617E7
279 1.5015207674473068E7
280 1.688936554950495E7
281 2.349796169767442E7
282 2.1394826093975905E7
283 1.6088752328054298E7
284 1.9336638892473117E7
285 2.1162998446153846E7
286 1.3372094483801296E7
287 1.810108307305936E7
288 1.9098791913978495E7
289 2.1692454988864142E7
290 1.5228118435597189E7
291 1.9720045300884955E7
292 2.2998657291358024E7
293 1.4096692053333333E7
294 1.9331583127562642E7
295 1.8037718009070296E7
296 1.7716713184269663E7
297 2.3010296437362637E7
298 1.762956417647059E7
299 1.9245250960526317E7
300 2.3211228337690633E7
301 1.9196128706349205E7
302 2.159033585815603E7
303 2.57101100430839E7
304 1.9614946895486936E7
305 1.6042851366013072E7
306 2.9178829363028955E7
307 1.3405090183098592E7
308 1.6571595660146698E7
309 1.849984149009901E7
310 2.2154187814356435E7
311 2.2138895393023256E7
312 2.0454262897260275E7
313 1.889451220979021E7
314 2.427285165647059E7
315 2.0337119475177307E7
316 1.8315791648584906E7
317 3.3912562809523806E7
318 2.6716982E7
319 2.0077889613122173E7
320 2.222436681797753E7
321 3.250883303111111E7
322 2.3406092925E7
323 2.2140579E7
324 2.103095787621359E7
325 2.043415947309417E7
326 2.181923277303371E7
327 2.8423252916030534E7
328 2.6604460698481563E7
329 2.196394070449679E7
330 2.5262327357777778E7
331 1.8592122314345993E7
332 2.6877399370860927E7
333 2.073498141008772E7
334 2.4111698268817205E7
335 2.79027504707113E7
336 2.429890740685225E7
337 2.272946911778291E7
338 3.0587749477801267E7
339 3.223338170410367E7
340 2.5234679393258426E7
341 3.2264826426303856E7
342 1.8654940654867258E7
343 2.2541379161637932E7
344 2.848662495802469E7
345 2.672622100892857E7
346 2.2612107280542985E7
347 2.732523415824176E7
348 2.1912129814569537E7
349 2.415912575483871E7
350 2.7151964573951434E7
351 2.5983065079399142E7
352 2.4266244838337183E7
353 2.082241687648456E7
354 2.247101028725702E7
355 2.6757443335497834E7
356 2.5701005044705883E7
357 2.862014575402299E7
358 2.0363711891764704E7
359 2.5007620906759907E7
360 2.3296764901149426E7
361 2.4597987203233257E7
362 2.258097492253521E7
363 2.6813365585470084E7
364 2.2685816739420936E7
365 3.4225257834123224E7
366 2.3558346151241533E7
367 2.3813945323943663E7
368 2.86559338125E7
369 2.261579626710817E7
370 2.838443172103004E7
371 2.483728637470167E7
372 2.2069067847736627E7
373 3.0736729337868482E7
374 2.5473956451965064E7
375 3.531227776260504E7
376 2.6945555257009346E7
377 2.230466633949192E7
378 2.7380646769874476E7
379 1.991092353514739E7
380 2.7306112409722224E7
381 2.3695631278145697E7
382 3.065511519120879E7
383 3.461702093380614E7
384 2.2086575162352942E7
385 2.5361584343115125E7
386 3.0717139608597286E7
387 2.4893006441647597E7
388 2.6979807115812916E7
389 2.8827917078838173E7
390 2.7081017933481153E7
391 3.1890677147342995E7
392 2.4140158399071924E7
393 2.921198593707865E7
394 2.907313560648148E7
395 2.6043226873150107E7
396 3.512386669007264E7
397 2.2985282749430522E7
398 2.8915983281179138E7
399 2.1647915110132158E7
400 2.9267025357601713E7
401 1.7905248288288288E7
402 3.213984701336303E7
403 2.4712590194130927E7
404 2.713314662352941E7
405 2.570850749339207E7
406 2.2386759660194173E7
407 2.8480646603864733E7
408 2.21408206E7
409 2.5735640963414636E7
410 3.0443930725301206E7
411 2.509177916367713E7
412 3.050890790023753E7
413 2.597639021651786E7
414 3.287302060554371E7
415 2.6255951076404493E7
416 3.2161094893665157E7
417 4.204967054545455E7
418 3.798843413034188E7
419 2.3115067E7
420 2.179487657772622E7
421 4.1663296635714285E7
422 3.3472183959183674E7
423 2.82522708775E7
424 3.778069368397291E7
425 3.1035434954545453E7
426 3.05517270944206E7
427 2.7252042266666666E7
428 3.851496558547009E7
429 3.0124039977876104E7
430 3.3246011539503384E7
431 2.8276035993071593E7
432 2.795134987898089E7
433 2.74322585720524E7
434 2.9337274274468087E7
435 3.607261960633484E7
436 3.166070605800464E7
437 3.498115679732739E7
438 3.979271405298013E7
439 2.4203429907035176E7
440 3.49516721097852E7
441 3.013173138215103E7
442 3.55407491039261E7
443 3.253906148681055E7
444 2.615390018510158E7
445 3.54567752737069E7
446 3.257202839952153E7
447 3.6648619819905214E7
448 2.8654701041002277E7
449 2.587554511936937E7
450 3.18667774608076E7
451 3.467243324893617E7
452 3.462663573318385E7
453 3.08519976E7
454 3.169060076E7
455 3.523848810227273E7
456 3.019828425657895E7
457 2.7352448094170403E7
458 3.772365912039312E7
459 3.383035956853933E7
460 3.625011107061503E7
461 3.372222383062645E7
462 3.868662820087336E7
463 3.276242054418605E7
464 2.93148791571754E7
465 2.769292724416136E7
466 3.7435967539419085E7
467 3.218957912643678E7
468 3.2557188359139785E7
469 3.5357810540145986E7
470 3.0892705890868597E7
471 3.876622880290456E7
472 3.432301867824074E7
473 3.960443483764706E7
474 3.572643406561086E7
475 3.322673857871397E7
476 3.226472903255814E7
477 3.183169596475771E7
478 3.476739940758294E7
479 2.593834738443936E7
480 4.377223597477064E7
481 2.8761010620408162E7
482 3.58153944715262E7
483 3.6675676997777775E7
484 3.586991324454148E7
485 4.512975897963801E7
486 3.58401308862661E7
487 3.99494775862069E7
488 3.385640829694323E7
489 3.542755903348214E7
490 3.0012220365384616E7
491 2.8621378017811704E7
492 3.166488456511628E7
493 3.1565504253303964E7
494 3.1133995471428573E7
495 3.796363558562368E7
496 3.0839200155789472E7
497 3.728917764039409E7
498 3.732543099095023E7
499 3.42839568800905E7
500 3.301063532079646E7
501 3.769278890993071E7
502 3.1219395618055556E7
503 3.563677632595573E7
504 3.11698156359447E7
505 4.377275534565217E7
506 3.527927775854214E7
507 3.907555629438202E7
508 4.011676676744186E7
509 4.14619044746988E7
510 4.103124692710706E7
511 4.1967951839534886E7
512 3.806872894394619E7
513 3.8854491059080966E7
514 4.19890478388521E7
515 4.188545700235294E7
516 4.578010930703625E7
517 3.4691105472457625E7
518 3.8313245675115205E7
519 3.417141260927153E7
520 3.802859845720721E7
521 3.516635903755868E7
522 4.1543132583524026E7
523 3.2287369562913906E7
524 3.243708185193133E7
525 4.73455258125E7
526 4.692422958222222E7
527 4.1988477946391754E7
528 4.53063538575E7
529 3.4435104160183065E7
530 3.943048790238095E7
531 4.300509877073171E7
532 4.4060623674273856E7
533 3.495983630718954E7
534 3.695364281209503E7
535 4.090857267728238E7
536 4.399899277676538E7
537 3.498093361305361E7
538 3.970562539909297E7
539 3.9041471483146064E7
540 3.1323539329493087E7
541 4.3935534962800875E7
542 4.182457323566879E7
543 3.772061754347826E7
544 3.4849355929223746E7
545 4.599366555505618E7
546 4.149267018604651E7
547 3.786803147098214E7
548 4.737012334232365E7
549 3.4994244322115384E7
550 4.636514523160173E7
551 4.302520063247863E7
552 3.9871074787951805E7
553 4.6365325616071425E7
554 3.729260190647482E7
555 4.542696911235955E7
556 3.5383899028103046E7
557 4.5680032591224015E7
558 4.471790086374134E7
559 4.708299998933902E7
560 3.9961083548672564E7
561 4.528439535469107E7
562 4.481363647685185E7
563 3.985680093849658E7
564 4.29120651130064E7
565 4.088785711264368E7
566 4.019507616869919E7
567 3.941181365948276E7
568 3.563100698709677E7
569 3.407866591910113E7
570 4.276832051551313E7
571 3.563167220869565E7
572 3.981939266520788E7
573 3.7604369255555555E7
574 4.862027731026786E7
575 5.15248944245283E7
576 3.7667804198156685E7
577 5.416930293110647E7
578 4.273212171896955E7
579 5.628222528708134E7
580 3.706608188050315E7
581 3.87002313206278E7
582 4.721367098222222E7
583 4.803676570135747E7
584 5.101402895474138E7
585 4.939363655291005E7
586 4.2711082384615384E7
587 4.0669192076744184E7
588 6.139226387318087E7
589 5.089221304494382E7
590 4.156114303881279E7
591 4.325894289647059E7
592 4.433720521052632E7
593 5.135046984080718E7
594 4.8939779995671E7
595 5.0890803457446806E7
596 4.172326688085106E7
597 4.7201337006622516E7
598 4.6929126786924936E7
599 5.192759741262136E7
600 4.497157585348837E7
601 5.440907861151079E7
602 5.0457935226244345E7
603 4.348699820697674E7
604 3.830489818444444E7
605 4.074306173193473E7
606 5.238589051258581E7
607 5.174585923732719E7
608 4.48685310313253E7
609 5.393429542117117E7
610 4.198056548758465E7
611 4.4934296377880186E7
612 4.866608513186813E7
613 5.383347685714286E7
614 5.475323725462963E7
615 4.6830785219088934E7
616 5.429202519683258E7
617 4.56986359044586E7
618 5.375390030289532E7
619 4.935785431154684E7
620 4.6052787134751774E7
621 5.659084684009547E7
622 4.734878478222222E7
623 4.911268640570176E7
624 5.1195566479217604E7
625 4.213474244009217E7
626 4.512626767405765E7
627 4.131535684787472E7
628 3.962394371689498E7
629 5.485448926963907E7
630 5.3896235593258426E7
631 4.133794773594132E7
632 4.7672695811659195E7
633 5.716522528965517E7
634 4.599191803652968E7
635 4.997376820979021E7
636 3.979268669848156E7
637 5.432448813834952E7
638 4.152675514553991E7
639 6.424518747857143E7
640 4.419953806864989E7
641 5.509948126365796E7
642 4.136684482969432E7
643 5.353780608254717E7
644 4.615684988416076E7
645 4.778715472197309E7
646 4.178773659360731E7
647 4.289715448058253E7
648 5.131689590997567E7
649 4.2014479938053094E7
650 4.9377711360730596E7
651 4.737828766533066E7
652 6.024995032043011E7
653 4.532612158225108E7
654 4.7763882617788464E7
655 4.949355444226579E7
656 5.838387780140187E7
657 5.696822047311828E7
658 5.098726045454545E7
659 5.7730632695754714E7
660 5.054627800223713E7
661 6.701332498611111E7
662 6.550806058314351E7
663 5.766730806557377E7
664 4.437101122985782E7
665 5.138303075E7
666 5.494219169525959E7
667 5.27577840625E7
668 4.494186139904988E7
669 5.950431609669811E7
670 5.634345550364964E7
671 4.7614039157079645E7
672 5.4121652298597194E7
673 5.989692579039301E7
674 5.767188428186274E7
675 4.917038843319838E7
676 5.3075562637894735E7
677 5.082202929772727E7
678 4.223700476367615E7
679 5.87877847079646E7
680 5.025726301573034E7
681 4.684364124248927E7
682 5.4128571269662924E7
683 5.30460166838565E7
684 5.562568008857809E7
685 5.4229962300211415E7
686 4.446919781034483E7
687 4.9290953176972285E7
688 5.0778836166297115E7
689 5.6542105553349875E7
690 4.524667728423236E7
691 5.9858885270880364E7
692 5.653056636343115E7
693 4.488999066042154E7
694 5.7599889306636155E7
695 4.87713995058548E7
696 5.514181184074941E7
697 5.643179141928251E7
698 5.737072473273942E7
699 5.483278116831683E7
700 6.182068974318182E7
701 5.34855816073903E7
702 5.618255897323601E7
703 5.773913724189526E7
704 5.380462976659039E7
705 8.202192411214954E7
706 6.8139044793765E7
707 5.1474780055187635E7
708 6.625055821167883E7
709 6.577402418778281E7
710 6.012671731180401E7
711 5.9378760946308725E7
712 5.2226411338785045E7
713 6.250365263692946E7
714 5.495060736518047E7
715 4.904463321911422E7
716 6.0172189163636364E7
717 5.153994171937639E7
718 5.071910845217391E7
719 5.484338421461187E7
720 5.412397788666666E7
721 5.793777592710706E7
722 5.868236782911392E7
723 6.493306946296296E7
724 5.314062931455399E7
725 5.669989806086957E7
726 5.826539941958042E7
727 1.0601821343119267E8
728 6.952137294343892E7
729 5.961952245747127E7
730 5.567906318061674E7
731 5.903420711270492E7
732 7.102742644171779E7
733 7.048065386051503E7
734 6.538919130472103E7
735 6.398104121800948E7
736 5.319843132666667E7
737 6.443083268660287E7
738 4.899863676590909E7
739 7.38531123430657E7
740 5.114499561678004E7
741 6.345270944421487E7
742 6.311505421510298E7
743 4.881934687906977E7
744 6.251111895670103E7
745 5.363002206741573E7
746 6.807568229054055E7
747 5.575490806164384E7
748 7.783464939159292E7
749 7.609254065442765E7
750 5.621594080465116E7
751 6.685796125663717E7
752 5.9282567688144326E7
753 5.112873237313433E7
754 5.780336387951807E7
755 6.741478929072681E7
756 5.434463581428572E7
757 5.480794390672451E7
758 7.525807225056948E7
759 5.579946316591928E7
760 7.583521060407239E7
761 6.031461954627539E7
762 6.185881892773893E7
763 5.30809826412037E7
764 5.813830628988764E7
765 5.553192402392344E7
766 6.2034629149553575E7
767 5.730930636440678E7
768 4.9813019884120174E7
769 5.95803088794926E7
770 6.169804160043668E7
771 7.664702701587301E7
772 1.1613206673659673E8
773 8.499020616824645E7
774 5.829498458495145E7
775 6.045302327790433E7
776 5.261953525223214E7
777 5.629589186509636E7
778 6.88372921853547E7
779 7.71015266981132E7
780 5.748715414658634E7
781 6.776247556828193E7
782 6.653766079523809E7
783 7.051318150112359E7
784 8.854034924838012E7
785 7.709608608888888E7
786 5.881108821097046E7
787 7.104992782891566E7
788 5.704847274898785E7
789 6.167222636817102E7
790 6.803419174074075E7
791 7.139320359027778E7
792 6.3968454167032965E7
793 6.849329977314815E7
794 6.836889286597939E7
795 1.0823333349082568E8
796 6.0965413574324325E7
797 5.277989208801956E7
798 6.531674551146789E7
799 6.45183475170068E7
800 8.275852356501181E7
801 7.359641173206751E7
802 6.70672860020284E7
803 5.690453607126437E7
804 6.736969946428572E7
805 5.3973177225950785E7
806 6.35923151403162E7
807 5.5941475644341804E7
808 7.841617576399027E7
809 6.271225996551724E7
810 6.1975922885714285E7
811 7.203670441894737E7
812 6.297829115742794E7
813 6.447129216483516E7
814 7.870195948630136E7
815 6.065534880275229E7
816 7.498753695942721E7
817 7.719878261061947E7
818 8.09830789321267E7
819 9.684165419339623E7
820 6.888454742201835E7
821 6.3855632519630484E7
822 7.7796031325E7
823 6.171395580449438E7
824 1.1853889476755448E8
825 6.606085409977827E7
826 6.202713474704492E7
827 6.350286746062052E7
828 8.683098060444444E7
829 7.907867255381165E7
830 8.124820351294118E7
831 6.744896029385965E7
832 7.179255810559006E7
833 6.274025624407583E7
834 7.370226875159235E7
835 6.680958284615385E7
836 6.114686222696629E7
837 6.98910267761194E7
838 7.29807603574468E7
839 7.772140439325842E7
840 7.839717444117647E7
841 8.000082283916084E7
842 6.918050909245741E7
843 1.2406835424200913E8
844 7.177608203719912E7
845 7.263941211970074E7
846 8.998588425E7
847 7.439604648477751E7
848 6.942220070975056E7
849 9.443550205111112E7
850 9.854637810940918E7
851 6.538133865740741E7
852 8.540177252183908E7
853 6.580853316594828E7
854 9.529696301731601E7
855 6.2930995958525345E7
856 1.2407195457716702E8
857 7.239344207563025E7
858 8.62581428906606E7
859 7.546670873972602E7
860 7.85560654954955E7
861 7.10173971394799E7
862 9.051964218390805E7
863 8.81498212297593E7
864 1.0075410193626374E8
865 1.4451992742663658E8
866 7.29760535522388E7
867 7.194164467320262E7
868 1.595042387638889E8
869 7.122209465924276E7
870 6.7019926666666664E7
871 7.448851449403341E7
872 7.068013253775744E7
873 1.830454742332016E8
874 1.3401277534570765E8
875 1.3056088386635944E8
876 1.293846893717647E8
877 8.403395617298578E7
878 7.205058567447306E7
879 8.623662437875289E7
880 7.21019082517321E7
881 7.568824007175925E7
882 8.925149262222221E7
883 8.680064020089285E7
884 1.4560787964113787E8
885 7.113554920782396E7
886 7.396285618924731E7
887 1.0080732366017316E8
888 7.913166039662448E7
889 9.781918305472636E7
890 9.849691887061404E7
891 1.717423172631579E8
892 7.456966984633027E7
893 7.180895437064676E7
894 9.558729491836734E7
895 8.939830926096998E7
896 6.953788521681416E7
897 7.845187727982646E7
898 7.306749801801802E7
899 7.98672157013889E7
900 1.0710099513034624E8
901 7.2929449321513E7
902 9.072064225373134E7
903 7.725954745119306E7
904 9.518990251068884E7
905 8.03888216517647E7
906 6.418120483700441E7
907 1.7236986080094787E8
908 7.161319438972163E7
909 9.240769161012658E7
910 7.08735241108545E7
911 7.164944725694445E7
912 1.1514676374651162E8
913 7.765069107035176E7
914 1.5987790638565022E8
915 1.5955250629534882E8
916 9.273773326666667E7
917 8.587462295949367E7
918 6.693055955133928E7
919 1.4317904195485327E8
920 9.314844332298137E7
921 8.540329571875E7
922 8.43876807672811E7
923 1.046781121797235E8
924 1.7383752866983372E8
925 8.398155405052632E7
926 9.928878985483871E7
927 1.2639567770681818E8
928 6.5072105466216214E7
929 1.3584779448564592E8
930 8.856512580528846E7
931 8.1687898139738E7
932 1.0807683237064676E8
933 1.1581171719285715E8
934 7.214325781885856E7
935 1.1033372608571428E8
936 7.808463687473002E7
937 1.631641166607143E8
938 7.572301382159625E7
939 6.932775308009154E7
940 8.741008063876653E7
941 1.3130096913347921E8
942 9.989198010467707E7
943 8.278064651126125E7
944 1.5945800469784173E8
945 1.146180498263889E8
946 9.865048881265207E7
947 1.0139296369907407E8
948 8.209881447019868E7
949 1.1353343681497797E8
950 1.3909674514E8
951 8.806849965842697E7
952 9.497105665046297E7
953 2.0864745776519915E8
954 8.661870835962877E7
955 1.2731741367833698E8
956 7.403652225304136E7
957 8.67836740387597E7
958 1.2041499200849257E8
959 1.3565518936155605E8
960 1.7876927921219513E8
961 9.53079170501139E7
962 8.264803970681818E7
963 8.052988719205298E7
964 7.314055422685185E7
965 7.348704271800947E7
966 1.0196025862189054E8
967 7.320852629490022E7
968 7.951993826789838E7
969 7.198230839318182E7
970 1.1656707514190687E8
971 8.554815132199547E7
972 8.00459763762136E7
973 7.917944833816426E7
974 5.8690560883259915E7
975 8.763047441666667E7
976 7.849775515333334E7
977 1.250280827739726E8
978 1.8548856967056075E8
979 7.223725515178572E7
980 2.1353785844362745E8
981 7.83716014391892E7
982 1.4472395754382023E8
983 1.141653272054176E8
984 1.4318217428019324E8
985 9.064629555754475E7
986 2.0045853314955357E8
987 1.3836376249555555E8
988 8.130839427981651E7
989 9.169798764303179E7
990 7.901296182242991E7
991 8.062945604849884E7
992 1.1933755751105651E8
993 1.0088595700740741E8
994 9.663379730024815E7
995 1.5495940284566596E8
996 8.86933848063063E7
997 1.5533983624780703E8
998 9.990937204318182E7
999 9.400778431441048E7
