1 2559.4473684210525
2 2594.304347826087
3 8152.4647887323945
4 2534.7384615384617
5 2787.5797101449275
6 7142.317647058823
7 2847.417910447761
8 2603.234375
9 11908.19512195122
10 20757.97701149425
11 9758.317460317461
12 497321.98780487804
13 9140.847222222223
14 1621568.975308642
15 13009.191780821919
16 9368.09090909091
17 8975.8
18 13785.012345679012
19 17696.121212121212
20 17149.140625
21 2566.7118644067796
22 2582.3875
23 17253.754385964912
24 17804.23595505618
25 594669.2875
26 1526274.012195122
27 27963.027777777777
28 19546.240506329115
29 17377.79104477612
30 2599.9861111111113
31 13358.24
32 2632.3333333333335
33 15168.927710843374
34 19157.805194805194
35 18208.051948051947
36 2529.1728395061727
37 243618.7906976744
38 21462.024691358023
39 18029.25925925926
40 16954.18181818182
41 16758.646153846155
42 9442.696202531646
43 27510.97142857143
44 14532.28409090909
45 14615.329268292682
46 13985.851351351352
47 14044.185714285713
48 26971.632352941175
49 12320.185185185184
50 10016.25
51 7881.764705882353
52 51372.83076923077
53 18209.164556962027
54 1530722.938271605
55 39206.208333333336
56 20349.422222222223
57 34182.433333333334
58 27040.9375
59 15176.013698630137
60 27381.482352941177
61 14804.706666666667
62 535725.2207792208
63 12979.809523809523
64 29091.396825396827
65 21190.6125
66 19248.4
67 8132.185714285714
68 30285.98113207547
69 21365.304347826088
70 392141.66233766236
71 34876.77631578947
72 49610.15189873418
73 31492.077922077922
74 12608.033333333333
75 22785.586666666666
76 29169.76923076923
77 2713.5421686746986
78 14522.47619047619
79 197918.92
80 36463.06153846154
81 30804.46835443038
82 35081.484375
83 28838.882352941175
84 28781.714285714286
85 42990.016949152545
86 39725.295774647886
87 30257.560975609755
88 30654.10447761194
89 30269.209677419356
90 66581.72602739726
91 34331.075
92 34072.59154929577
93 40814.60810810811
94 47698.21951219512
95 66276.42696629213
96 15955.793103448275
97 35098.86075949367
98 26600.82894736842
99 39748.95294117647
100 14903.155844155845
101 25075.01851851852
102 51711.74285714285
103 65086.329113924054
104 26409.014285714286
105 672141.9863013698
106 32739.17948717949
107 33613.62962962963
108 53212.0
109 14114.44
110 72050.91891891892
111 48331.30434782609
112 1067525.633802817
113 30191.51851851852
114 23993.365079365078
115 72331.20588235294
116 57336.348837209305
117 21493.724137931036
118 90498.25333333333
119 36516.72857142857
120 48184.56578947369
121 59837.541666666664
122 49859.333333333336
123 105501.03614457832
124 66228.18604651163
125 8773.7625
126 53388.555555555555
127 35253.19047619047
128 45593.05263157895
129 58013.8064516129
130 43128.37837837838
131 60241.90140845071
132 50084.42168674699
133 31107.684210526317
134 39498.191780821915
135 27592.920634920636
136 66342.2625
137 80845.5
138 58055.89473684211
139 37439.846153846156
140 33818.27536231884
141 27966.2625
142 61730.05128205128
143 23791.7816091954
144 63406.21428571428
145 28218.3125
146 40564.21333333333
147 74221.25806451614
148 41229.27536231884
149 34273.754385964916
150 29039.786666666667
151 43187.28333333333
152 20409.38028169014
153 26906.2
154 52688.28571428572
155 67126.39130434782
156 32870.542372881355
157 56286.6724137931
158 2187118.9714285713
159 52392.65
160 42193.542372881355
161 67282.72602739726
162 45882.573333333334
163 97965.26666666666
164 71019.11111111111
165 43997.57142857143
166 83013.91578947369
167 78483.11842105263
168 60785.22857142857
169 77061.46875
170 49045.97647058823
171 53601.362318840576
172 547504.775862069
173 58612.775
174 96420.203125
175 72750.17647058824
176 38990.10344827586
177 59929.54022988506
178 32238.870588235295
179 62438.71111111111
180 91710.3125
181 76298.38157894737
182 34848.232876712325
183 66852.36507936507
184 45367.33783783784
185 44298.92105263158
186 68703.3373493976
187 93844.2435897436
188 39905.28358208955
189 41885.688524590165
190 68001.81428571428
191 45131.75903614458
192 80130.44155844155
193 92329.57575757576
194 56843.75
195 110933.78571428571
196 67585.375
197 79154.18309859154
198 96993.06578947368
199 75189.20930232559
200 76805.01449275362
201 1454418.078125
202 65824.56790123456
203 64199.88157894737
204 51098.54929577465
205 76631.39705882352
206 38739.968253968254
207 84896.88157894737
208 56131.33870967742
209 678561.3333333334
210 89418.0
211 60442.083333333336
212 104182.93975903615
213 66045.6052631579
214 61694.94736842105
215 76054.19117647059
216 62425.75
217 108404.38157894737
218 65089.17647058824
219 52718.16129032258
220 79068.82191780822
221 866154.0256410256
222 96080.35443037975
223 39045.77215189873
224 46424.757575757576
225 67183.4109589041
226 77166.7076923077
227 88106.01369863014
228 65587.46153846153
229 68417.35365853658
230 77091.24657534246
231 133323.3142857143
232 45480.3
233 68748.5487804878
234 67985.6
235 122041.98701298701
236 115632.28787878787
237 84827.50632911392
238 68334.41428571429
239 88203.10447761194
240 1371675.9268292682
241 124292.16393442624
242 99698.16049382716
243 96459.46376811594
244 140132.24615384615
245 66881.13043478261
246 76050.0
247 103424.14516129032
248 58034.05454545454
249 128990.5737704918
250 121679.02564102564
251 135369.5294117647
252 100643.04477611941
253 82848.2205882353
254 120513.8253968254
255 77927.92647058824
256 78089.20588235294
257 42158.2027027027
258 2565689.925373134
259 115957.30864197531
260 105522.97297297297
261 135625.74603174604
262 93380.06410256411
263 89212.98461538462
264 42405.833333333336
265 116145.69444444444
266 644672.5540540541
267 73855.92063492064
268 127543.36231884058
269 95115.5625
270 88130.13698630137
271 103464.49462365592
272 94522.44303797468
273 99186.83695652174
274 87984.97727272728
275 75328.11842105263
276 37611.27118644068
277 101956.17333333334
278 946179.2328767123
279 119164.20512820513
280 102502.14925373135
281 152145.08219178082
282 113458.82558139534
283 118997.1875
284 133447.02469135803
285 260625.55555555556
286 101224.23255813954
287 97249.31506849315
288 311942.2876712329
289 107927.24657534246
290 113698.40909090909
291 95029.3947368421
292 100965.21686746988
293 86902.77777777778
294 111876.42647058824
295 105866.98888888888
296 100854.38271604938
297 141487.34848484848
298 119689.19117647059
299 102810.9705882353
300 119180.92647058824
301 186151.87931034484
302 130167.93150684932
303 98046.52702702703
304 110219.34666666666
305 192372.77049180327
306 100014.05405405405
307 122926.79310344828
308 1007683.4634146341
309 51902.25974025974
310 103857.22619047618
311 104228.7076923077
312 104827.3
313 99691.23655913978
314 165210.698630137
315 129285.87301587302
316 133195.56790123458
317 122583.1875
318 330841.06172839506
319 247356.98701298703
320 141196.4411764706
321 133793.13636363635
322 100733.92105263157
323 263880.253164557
324 110956.35714285714
325 74458.88157894737
326 133901.125
327 653179.75
328 80014.52564102564
329 111825.61643835617
330 153400.67105263157
331 91160.85106382979
332 546821.938271605
333 121050.10769230769
334 104137.92537313433
335 133831.22784810126
336 135170.8125
337 147602.49315068492
338 107762.6046511628
339 133212.85542168675
340 69868.01470588235
341 198441.73076923078
342 112447.20512820513
343 111358.95833333333
344 81520.46296296296
345 84228.01515151515
346 119719.22077922078
347 96835.69620253165
348 131071.71830985915
349 1160216.9210526317
350 136208.48
351 121118.90625
352 104460.625
353 113132.97142857143
354 105099.12307692308
355 135372.38554216866
356 130052.26470588235
357 97699.05263157895
358 100696.0294117647
359 114997.73214285714
360 133419.95
361 114736.94666666667
362 146703.79166666666
363 93032.87341772152
364 135577.62686567163
365 236767.1038961039
366 152805.0
367 109053.53333333334
368 106521.17
369 142800.14492753622
370 157612.23287671234
371 162594.9746835443
372 155667.7037037037
373 156626.01265822785
374 135172.68
375 92088.83076923077
376 118876.80263157895
377 120061.20634920635
378 159539.22666666665
379 140320.9220779221
380 147098.41025641025
381 101319.33333333333
382 262000.875
383 88597.26666666666
384 120500.66666666667
385 153957.9315068493
386 149328.68493150684
387 116457.53191489361
388 490934.45454545453
389 146622.2
390 153498.34375
391 147268.96774193548
392 213278.61290322582
393 772107.9367088608
394 162195.24
395 96936.43055555556
396 146563.05263157896
397 197855.5
398 149345.84615384616
399 98465.38961038961
400 138242.6375
401 146307.37142857144
402 225746.1052631579
403 109941.30645161291
404 135907.35714285713
405 154279.7068965517
406 148251.40579710144
407 152383.7012987013
408 121897.92105263157
409 136610.82278481012
410 124923.28378378379
411 154741.29487179487
412 146019.97183098592
413 520624.1176470588
414 105400.98507462686
415 144004.61956521738
416 124645.08450704225
417 159889.90322580645
418 142721.01754385966
419 109820.890625
420 137125.6
421 141586.46753246753
422 111244.84057971014
423 217793.88524590165
424 155321.0253164557
425 575747.9375
426 130017.35365853658
427 127854.69620253165
428 183584.33695652173
429 125771.48611111111
430 86553.91935483871
431 188230.0185185185
432 127902.94444444444
433 1210171.6984126985
434 160006.01612903227
435 141797.24657534246
436 212757.26470588235
437 169090.8275862069
438 133921.89393939395
439 185049.68055555556
440 140742.05063291139
441 138112.4776119403
442 141557.20833333334
443 194293.44871794872
444 138799.46875
445 115745.43421052632
446 434323.03797468357
447 117703.38095238095
448 1850796.2972972973
449 1779407.9090909092
450 148424.19101123596
451 575225.3538461538
452 98452.29850746269
453 1790439.9285714286
454 194047.47619047618
455 172432.27777777778
456 193303.18666666668
457 142786.48214285713
458 186496.5
459 132999.88235294117
460 267064.15189873416
461 284984.83116883115
462 849175.9354838709
463 188681.82278481012
464 448877.4337349398
465 203592.73214285713
466 1323153.2666666666
467 188567.43859649124
468 163992.1754385965
469 123921.94186046511
470 149875.39344262294
471 213049.06153846154
472 185446.69444444444
473 115170.57894736843
474 185169.24
475 875965.3253012048
476 150552.8219178082
477 733207.6142857143
478 145362.125
479 137178.71641791044
480 183801.08860759492
481 176860.5945945946
482 181246.13333333333
483 191357.6911764706
484 151809.75384615385
485 118630.30555555556
486 161724.55421686746
487 640294.7590361446
488 195016.92105263157
489 187366.0
490 141023.97333333333
491 128899.36842105263
492 187750.12820512822
493 173694.95890410958
494 335370.60869565216
495 171522.22222222222
496 304140.3289473684
497 137720.35616438356
498 182975.78873239437
499 161347.2676056338
500 176270.57142857142
501 194741.95833333334
502 184794.11428571428
503 200544.85714285713
504 186815.08988764044
505 140129.61842105264
506 245177.4090909091
507 129932.34177215189
508 178543.55813953487
509 155986.3552631579
510 162628.9814814815
511 128697.35632183908
512 139301.4375
513 197225.83561643836
514 119742.06060606061
515 236360.74285714285
516 182862.67901234567
517 167175.12162162163
518 194340.1690140845
519 132571.4938271605
520 204980.09638554216
521 194995.2394366197
522 184358.17105263157
523 184552.0843373494
524 208471.25373134328
525 168273.23913043478
526 233117.24324324325
527 234961.22222222222
528 239273.3947368421
529 1151538.2023809524
530 174334.2564102564
531 169580.67213114753
532 192943.07317073172
533 191653.31666666668
534 174363.84810126582
535 197211.71830985916
536 236394.32558139536
537 868629.3424657534
538 191479.94736842104
539 160066.5394736842
540 146727.11428571428
541 201371.95714285714
542 167469.8831168831
543 165830.25
544 229093.02597402598
545 186682.18292682926
546 927200.1375
547 211394.125
548 203010.76388888888
549 199173.53684210527
550 198724.34615384616
551 218450.85294117648
552 133717.80263157896
553 223281.54929577466
554 201212.08
555 176767.97101449277
556 157463.05633802817
557 153678.46376811594
558 272209.58974358975
559 652215.9036144578
560 220286.2142857143
561 197358.65753424657
562 188036.11290322582
563 148246.92424242425
564 215744.67058823528
565 164932.88095238095
566 224045.05555555556
567 252449.92405063292
568 226710.42666666667
569 2390637.783333333
570 292083.84285714285
571 180765.0634920635
572 147349.34615384616
573 219329.79710144928
574 211559.41428571427
575 176435.875
576 206241.2258064516
577 123492.953125
578 168125.72307692308
579 548154.164556962
580 139755.93548387097
581 178592.63440860214
582 180701.2162162162
583 156091.0779220779
584 196078.9420289855
585 143103.32394366196
586 869345.0128205129
587 208225.9900990099
588 344343.5316455696
589 148447.6794871795
590 149995.77777777778
591 156036.6075949367
592 273020.6808510638
593 226595.62121212122
594 210912.64864864864
595 214888.1475409836
596 213683.66666666666
597 969726.3684210526
598 596138.5243902439
599 540966.9342105263
600 195181.9156626506
601 195896.9189189189
602 197407.61052631578
603 191633.703125
604 245583.84415584416
605 232579.0819672131
606 175271.84722222222
607 1373251.9857142856
608 185837.55421686746
609 1053423.9411764706
610 186352.40476190476
611 199879.7875
612 200556.36486486485
613 265306.0
614 172101.7258064516
615 167343.7868852459
616 165878.55714285714
617 780337.6172839506
618 503275.73913043475
619 351844.22033898305
620 187033.87142857144
621 183130.23170731709
622 519387.7625
623 209490.20967741936
624 193902.53731343284
625 221606.8552631579
626 661410.6511627907
627 951981.5569620254
628 168926.44736842104
629 209423.64864864864
630 173907.89333333334
631 255034.40277777778
632 192079.59016393442
633 207258.37037037036
634 156336.68253968254
635 262276.7272727273
636 283150.5131578947
637 189275.7840909091
638 189788.7108433735
639 210149.41791044775
640 186849.05172413794
641 285825.25373134325
642 205388.0394736842
643 185014.14102564103
644 231589.1038961039
645 247464.59322033898
646 219101.39583333334
647 238315.49315068492
648 177641.06024096385
649 184812.78205128206
650 579906.8831168831
651 204761.98529411765
652 211322.40740740742
653 189992.64705882352
654 246364.08
655 353854.7846153846
656 200261.85714285713
657 256040.17283950618
658 627047.9684210527
659 237714.42372881356
660 364590.6705882353
661 809557.7564102564
662 232794.0641025641
663 284380.1369863014
664 1454827.8604651163
665 217967.4923076923
666 1944630.5625
667 1460969.857142857
668 264951.46268656716
669 210528.41975308643
670 188154.97674418605
671 295079.20588235295
672 274142.01470588235
673 238228.2876712329
674 237401.9365079365
675 253625.46875
676 229802.21794871794
677 243587.82857142857
678 347844.96774193546
679 179610.8153846154
680 298288.6
681 220501.68253968254
682 259359.71951219512
683 341626.1369863014
684 193786.16666666666
685 322598.21428571426
686 274545.5125
687 206777.17142857143
688 721436.3191489362
689 248587.89743589744
690 256173.6923076923
691 2186675.59375
692 316965.8125
693 194589.54444444444
694 212174.0357142857
695 272063.7037037037
696 1161932.2857142857
697 814845.5681818182
698 344399.5857142857
699 208920.97183098592
700 215692.66666666666
701 2787078.5084745763
702 252512.046875
703 200704.0945945946
704 471904.4556962025
705 327514.2272727273
706 272578.43076923076
707 251428.95454545456
708 248041.06382978722
709 183128.50684931508
710 2717737.4482758623
711 230070.7
712 259418.63513513515
713 1104977.4054054054
714 217639.7741935484
715 233068.15
716 213960.1791044776
717 328106.2297297297
718 319404.84810126584
719 1244456.7790697673
720 264743.04761904763
721 242415.5975609756
722 1441917.6333333333
723 314780.5
724 194724.75
725 228694.80459770115
726 234382.7323943662
727 301031.4857142857
728 288619.9342105263
729 279164.77142857143
730 248589.3625
731 260782.65
732 237835.5633802817
733 252658.27027027027
734 233519.70588235295
735 292067.8888888889
736 260003.4090909091
737 276858.3582089552
738 576117.9589041095
739 210352.06493506493
740 256678.7311827957
741 358317.11627906974
742 213205.83823529413
743 225179.73913043478
744 226653.06578947368
745 258722.6
746 212167.8
747 247580.01265822785
748 243739.01162790696
749 225804.6567164179
750 269460.2181818182
751 264382.95588235295
752 223320.0909090909
753 410918.6493506493
754 250041.265625
755 246122.0975609756
756 384113.9759036145
757 227196.12
758 271920.84722222225
759 266645.93055555556
760 279727.74666666664
761 205684.6052631579
762 1169779.0597014925
763 1092314.72
764 683295.0
765 260938.6911764706
766 210585.88888888888
767 215146.45
768 254458.33766233767
769 248911.47297297296
770 317806.8591549296
771 234049.171875
772 285790.5111111111
773 1170756.3773584906
774 244797.6984126984
775 286577.98484848486
776 481050.9310344828
777 318997.75
778 511338.1609195402
779 252592.35135135136
780 241715.97647058824
781 269430.04918032786
782 748440.1587301587
783 2602066.46875
784 251230.08955223882
785 602740.8157894737
786 309531.1408450704
787 585900.8870967742
788 480661.1612903226
789 269306.22222222225
790 245243.81690140846
791 404523.0126582279
792 267530.41891891893
793 624298.0843373494
794 555214.6710526316
795 261405.575
796 262420.1956521739
797 255178.35
798 303677.4125
799 351548.71428571426
800 228251.6875
801 244578.31578947368
802 271991.0963855422
803 395096.1447368421
804 1627304.62
805 301461.5975609756
806 250529.40298507462
807 290086.8275862069
808 469232.28205128206
809 242615.25925925927
810 270002.16279069765
811 283921.71875
812 264615.9411764706
813 228070.4096385542
814 1476139.5466666666
815 436775.77777777775
816 1092054.5857142857
817 339390.2405063291
818 229974.62857142856
819 214176.3670886076
820 266234.54098360654
821 2075694.2647058824
822 1828756.6956521738
823 274214.5061728395
824 262002.33333333334
825 369237.3611111111
826 1978927.4782608696
827 956797.525
828 295208.6349206349
829 248370.37179487178
830 293086.5256410256
831 245157.4406779661
832 341626.40476190473
833 291537.390625
834 278659.0281690141
835 290580.93055555556
836 549442.8823529412
837 254769.32098765433
838 278045.2087912088
839 268868.4512195122
840 474365.0131578947
841 221665.70967741936
842 549221.3913043478
843 295937.4
844 283334.75
845 367042.8470588235
846 470123.09230769234
847 232570.62121212122
848 240710.67088607594
849 275556.4756097561
850 283978.6438356164
851 281955.01639344264
852 1582395.0882352942
853 462333.1034482759
854 744632.765625
855 265393.7534246575
856 369042.6379310345
857 279521.4696969697
858 281414.72602739726
859 485008.425
860 268998.6349206349
861 279735.0126582279
862 553488.6891891892
863 244442.48101265822
864 232609.5
865 224920.7619047619
866 288604.602739726
867 322966.8941176471
868 320223.225
869 1222215.366197183
870 266043.44444444444
871 323936.07843137253
872 1472322.3
873 605678.7333333333
874 288202.46875
875 341991.80555555556
876 296825.7042253521
877 298578.71830985916
878 410904.1149425287
879 271313.4166666667
880 269968.2786885246
881 256346.84722222222
882 295326.0131578947
883 247241.25925925927
884 420406.73333333334
885 236156.25714285715
886 679167.8235294118
887 255242.76666666666
888 319396.3214285714
889 315438.28571428574
890 286489.01470588235
891 289503.175
892 2165090.913043478
893 279415.19444444444
894 337705.3043478261
895 780743.4457831326
896 275244.4819277108
897 365554.24242424243
898 264272.8387096774
899 300693.5925925926
900 324111.0588235294
901 268627.22222222225
902 830523.4084507042
903 347775.1621621622
904 303773.20967741933
905 287584.7910447761
906 323676.8461538461
907 652358.825
908 292281.8390804598
909 353008.0
910 352903.4142857143
911 278976.1515151515
912 1557827.5555555555
913 610535.472972973
914 274051.4032258064
915 4796945.84057971
916 300973.27160493826
917 299775.9090909091
918 292967.76712328766
919 272487.6923076923
920 372055.30555555556
921 331226.67647058825
922 249294.6231884058
923 263086.70588235295
924 312489.77777777775
925 295964.8961038961
926 285021.6206896552
927 300118.42696629214
928 300279.48529411765
929 303410.84375
930 272148.1818181818
931 296738.8153846154
932 1487937.605263158
933 311369.82352941175
934 327631.25373134325
935 290523.09375
936 293421.72602739726
937 2359479.369047619
938 299789.2388059702
939 625727.1285714286
940 328089.9322033898
941 320625.2173913043
942 1259535.7792207792
943 285506.92647058825
944 295393.1666666667
945 659818.5714285715
946 3992619.2441860465
947 2156100.253012048
948 310205.3559322034
949 273511.5425531915
950 3298396.785714286
951 330000.10256410256
952 4926816.942528736
953 1760444.90625
954 294827.1176470588
955 315013.19736842107
956 294653.59016393445
957 303884.50724637683
958 301099.27692307695
959 320472.26470588235
960 902103.3378378379
961 312126.58208955225
962 319830.7948717949
963 262701.5512820513
964 2168709.84
965 803049.6883116884
966 321941.5324675325
967 1704934.2173913044
968 332073.6172839506
969 6008256.9718309855
970 319549.578125
971 302739.86440677964
972 334587.4383561644
973 6031444.114285714
974 303236.4035087719
975 1.0248484409090908E7
976 324374.4683544304
977 292877.3620689655
978 2.279265909473684E8
979 1298582.3333333333
980 300890.51470588235
981 354771.7792207792
982 5.719954764E7
983 364155.6323529412
984 285876.9193548387
985 303401.0240963855
986 1568288.6125
987 325205.24358974356
988 793270.1857142857
989 8110147.048387097
990 334589.15
991 316145.9493670886
992 2572937.5443037977
993 300699.3563218391
994 347963.1690140845
995 7677173.546875
996 294566.27419354836
997 1877390.420289855
998 331165.88732394367
999 1.0619479716049382E7
