1 2193.6296296296296
2 33735.60317460317
3 2201.159793814433
4 2181.6505376344085
5 2207.7277486910994
6 2264.891666666667
7 28577.303571428572
8 59764.5
9 2207.6954022988507
10 32649.88888888889
11 34560.47368421053
12 64191.551546391755
13 7044.63829787234
14 37945.932367149755
15 32284.39378238342
16 78586.58181818182
17 88594.34615384616
18 34251.21759259259
19 69403.4
20 195236.74074074073
21 34233.642857142855
22 30607.97572815534
23 27758.454954954956
24 56811.32407407407
25 95549.26368159204
26 67638.42780748663
27 100659.83425414364
28 115721.78698224852
29 142486.88942307694
30 93296.71627906976
31 87965.31018518518
32 123205.77889447236
33 149065.43414634146
34 184542.40206185568
35 134710.9111111111
36 97540.54228855722
37 95932.25773195876
38 174772.7033492823
39 72685.91803278688
40 132874.12432432434
41 36626.145631067964
42 125802.47236180905
43 125581.6192893401
44 231507.131147541
45 160588.78125
46 65628.48198198198
47 58681.066371681416
48 112906.15384615384
49 177797.66019417476
50 95158.81818181818
51 4387.876923076923
52 93268.65816326531
53 98385.8669950739
54 190763.42131979697
55 230844.11520737328
56 122716.43718592965
57 144141.88829787233
58 202020.8046511628
59 155797.24390243902
60 234154.64734299516
61 197645.62569832403
62 184538.39411764705
63 173739.11386138614
64 192375.0
65 208922.54502369667
66 196229.9282051282
67 255518.26530612246
68 159520.5
69 197565.1683168317
70 227398.4088888889
71 231665.17874396135
72 150583.93236714977
73 170666.09836065574
74 202593.12380952382
75 284129.6567164179
76 190704.33673469388
77 175011.86740331491
78 322550.8479262673
79 181696.72
80 180865.86387434555
81 309346.2922374429
82 241385.2068965517
83 219748.87939698494
84 447751.88732394367
85 344626.42268041236
86 239041.0357142857
87 358619.5947368421
88 139580.71727748693
89 239831.00975609757
90 274703.245
91 294636.96
92 284717.106741573
93 312914.9297297297
94 228236.13368983957
95 207309.97156398103
96 300701.00446428574
97 339622.351758794
98 447463.8901098901
99 345447.5283018868
100 378436.71904761903
101 206752.73224043715
102 253269.57819905214
103 332942.9298245614
104 403318.6331658292
105 305132.5303030303
106 401946.49504950497
107 247737.5294117647
108 204678.14903846153
109 368185.9393939394
110 497267.0985915493
111 446681.466367713
112 358382.1658536585
113 483437.3484848485
114 338059.0145631068
115 594374.4774774775
116 337386.5376884422
117 476929.41346153844
118 489190.575
119 134547.3287037037
120 397082.152284264
121 419366.31696428574
122 320454.0152284264
123 99144.8407960199
124 201150.7823834197
125 482649.9240506329
126 325670.8445595855
127 406514.30454545456
128 363940.92631578946
129 352319.6615384615
130 301648.06666666665
131 502658.29411764705
132 459733.0585106383
133 368377.14285714284
134 328707.90829694323
135 324868.91244239634
136 287949.03684210527
137 341487.10045662103
138 522002.532967033
139 345806.1135135135
140 461995.0304568528
141 481251.0
142 385304.3005181347
143 691300.922705314
144 371555.0
145 441165.4301075269
146 485692.09139784944
147 441610.06074766355
148 465192.14832535887
149 582765.1902654867
150 587788.7009803922
151 488379.2863849765
152 497712.2588832487
153 472277.286407767
154 525392.6244131456
155 394406.3873873874
156 245889.65071770336
157 592549.2415458937
158 648610.2336448599
159 334190.84
160 340414.3024390244
161 578955.2412060301
162 510586.9595959596
163 571451.8468899522
164 651240.095
165 393218.2988505747
166 523661.5025641026
167 636234.004854369
168 490410.0717948718
169 729693.1847826086
170 667252.3421052631
171 502486.95081967214
172 675585.8729281768
173 674865.8
174 579699.5577889447
175 632254.8608247422
176 558463.5432692308
177 545448.5373134328
178 726607.907079646
179 568235.323076923
180 536363.2777777778
181 488978.3118811881
182 569300.0691489362
183 812314.5319148937
184 628660.2237442923
185 465545.8537735849
186 673698.6417910447
187 754721.071770335
188 659685.4607329842
189 554676.1726190476
190 683881.8351648352
191 396285.8333333333
192 379994.92574257427
193 475807.5
194 566889.5510204082
195 750990.0093023255
196 653479.5885167464
197 612453.8833333333
198 555853.1261261262
199 527199.7525773196
200 702809.1457286432
201 697683.1859296482
202 584325.84
203 496867.58490566036
204 541480.9162561577
205 760437.6652542372
206 923811.0102564102
207 631584.3413461539
208 644912.3768844221
209 619249.4236453202
210 615801.3653846154
211 409116.8870967742
212 951806.4228571429
213 706019.461928934
214 955178.4285714285
215 640575.0645161291
216 924356.3738738738
217 989293.7653631285
218 592437.659574468
219 941057.8624338624
220 663049.5665024631
221 577832.2857142857
222 740127.8677248678
223 1007737.495
224 707242.304568528
225 417807.61202185793
226 602228.7874396135
227 868034.2702702703
228 716253.5980861244
229 712843.7860962567
230 693132.4009661836
231 580046.7840375587
232 943025.8834951456
233 676388.6062176166
234 790780.0869565217
235 737499.3268292682
236 958128.5787037037
237 896792.376344086
238 725757.3762886598
239 531775.5980861244
240 735415.2307692308
241 731568.6482412061
242 831219.8502415459
243 496542.7380952381
244 452353.0162162162
245 794030.5645933014
246 832569.6778846154
247 982972.4075829384
248 775760.4597156398
249 829364.2587719298
250 894891.1137440759
251 932558.9597989949
252 796323.293814433
253 453179.54460093897
254 798114.1866666666
255 1281618.1893203883
256 734268.5951219512
257 733494.9602272727
258 965512.6326530612
259 768639.6875
260 756996.7233009709
261 913323.2731958763
262 816319.1756097561
263 1091058.9152542374
264 949844.0285714286
265 805001.1088082902
266 556609.6839622641
267 947502.1701030928
268 974094.9707317073
269 797108.8612440191
270 701139.3846153846
271 708652.77
272 911065.5107526882
273 640872.359375
274 1210515.2121212122
275 879214.6543778802
276 579875.9510869565
277 1127705.2727272727
278 845133.0786516854
279 932386.5219512195
280 707577.5692307692
281 868726.3567567568
282 1004099.8125
283 456010.4201183432
284 928732.8666666667
285 886656.504854369
286 632031.319047619
287 1082173.287128713
288 986962.3707317073
289 1060101.4636871507
290 1254462.9057591623
291 981383.0297029703
292 853370.0571428571
293 1077659.1434599156
294 1100515.5706806283
295 1177803.9014778326
296 1013520.1953488372
297 641477.2557077626
298 741916.3212435233
299 1120931.9504950496
300 864983.3333333334
301 1101187.4227272726
302 1034017.0521327014
303 844156.4871794871
304 917499.3428571429
305 1413605.8591549296
306 980764.5
307 1005751.6981132076
308 899046.2063492064
309 1037804.3558558559
310 1109007.2330097088
311 934278.9134615385
312 931762.2621359223
313 1164162.412087912
314 1095310.9198113207
315 959829.7428571428
316 904210.8858695652
317 1215879.7868020304
318 1058836.5257731958
319 1179071.5967741935
320 932898.057591623
321 1355164.2211055276
322 1013519.8812785388
323 875276.5279187817
324 853295.5588235294
325 979686.5101010101
326 851838.0619047619
327 1565444.4627659575
328 1056833.8148148148
329 1049599.7307692308
330 1013178.1223404255
331 905267.1614583334
332 1424749.2761904763
333 869591.3970588235
334 1219278.3113207547
335 1091336.9727272727
336 970899.2834224598
337 1581497.1232227487
338 1020647.1141552512
339 976390.6172248804
340 909693.7322404372
341 1091607.0364583333
342 862086.3956043957
343 865993.9056603773
344 872848.3045454546
345 978781.9948717948
346 1152236.6574585636
347 867215.9581395349
348 1587223.864321608
349 830135.3365384615
350 993276.1839622641
351 1219182.9333333333
352 696973.2839506173
353 991924.5746606335
354 1151134.5380952382
355 1238275.4756756758
356 1180309.593137255
357 1081335.7584541063
358 1206266.2843137255
359 1268245.9353233832
360 1260426.6165048543
361 746844.025
362 1138234.5792349726
363 1169646.5384615385
364 1078126.808139535
365 907255.7848837209
366 1024260.8484848485
367 990873.6051282051
368 1470264.7304347826
369 994230.5170731707
370 684006.0
371 792868.0744186046
372 1208950.6376146788
373 1010112.2474226804
374 1765094.388888889
375 854146.6326530612
376 1113263.6732673268
377 1152682.2786885246
378 1267406.1822916667
379 1651995.0105263158
380 1210053.6142857142
381 1284935.1256281408
382 1210353.5073170732
383 1103010.961352657
384 1595231.4444444445
385 1825955.0502283105
386 1285969.3553719008
387 1441439.8246445497
388 1139702.3004694835
389 972707.9194312796
390 1329373.616161616
391 1089599.196531792
392 1158497.6927083333
393 1234991.1887755103
394 1299518.0891089109
395 1139471.9653465347
396 1116115.4744186047
397 1567291.6390243901
398 1045891.9793814434
399 1097612.7074468085
400 1324250.1822660097
401 962138.0341463415
402 1405891.4918032787
403 1352483.0096618359
404 1758453.8031088084
405 1635356.4757709252
406 1252337.6792452831
407 1291723.3232323232
408 1145540.1666666667
409 1228856.9516129033
410 1683938.5532994925
411 1493196.792746114
412 1199646.4739583333
413 1372736.738095238
414 1348977.119047619
415 1280933.461928934
416 1032800.7277227723
417 1005126.9135135135
418 1419701.1940298507
419 1032239.1886792453
420 1013621.4676616916
421 970928.435
422 1158789.1483516484
423 1245683.3103448276
424 1561364.9215686275
425 1484067.8932038834
426 1269506.4059405942
427 1623372.3963133642
428 981838.768115942
429 1256283.14479638
430 1327852.6979166667
431 1722560.7735849055
432 1336427.2222222222
433 1633111.4341463414
434 1703568.7440758294
435 1576561.282352941
436 1550864.0245098039
437 1482340.3287671234
438 951630.2561576355
439 1431297.7005649717
440 1748168.132183908
441 1540312.605
442 1374695.6142857142
443 1745954.8042328043
444 1450060.391509434
445 1363455.1522842639
446 1984697.8208955224
447 1745249.5987654321
448 1207448.4975124379
449 1489950.6
450 1499973.6220095693
451 2318379.335078534
452 1390604.9557522123
453 1420659.7231638418
454 1515075.6697247706
455 1726130.836158192
456 1338359.792929293
457 1251724.4040404041
458 1536396.948979592
459 1201059.88
460 1316049.5970873786
461 1992339.2324324325
462 1482778.8714285714
463 1812540.854368932
464 1252832.5639810427
465 1856059.956043956
466 1980641.04
467 1916743.6134020619
468 1050887.6333333333
469 1946833.7798165136
470 1524296.1059907833
471 1294296.779342723
472 2015184.6892655366
473 2052618.4881516588
474 1751082.5882352942
475 1658879.8383838383
476 1155188.3796296297
477 1265447.8854166667
478 1523554.512315271
479 1677850.980861244
480 1350792.3738317757
481 1561816.370165746
482 1407438.3385416667
483 1563374.8773584906
484 1905996.9704142013
485 1371266.1803278688
486 1259619.7416267942
487 1310915.7961165048
488 1539829.378787879
489 1536637.6699029126
490 1726317.8274111676
491 1123019.2093023255
492 1683962.3824884794
493 2121990.3668341707
494 1994527.0746268656
495 1663422.5024630541
496 1419054.5808080807
497 1307539.2857142857
498 1767652.597156398
499 1704840.5198019801
500 1903531.116751269
501 1478443.2935323382
502 1543361.2083333333
503 1607651.655
504 1695567.523076923
505 1787465.792929293
506 1544727.5567010308
507 2528701.1415525116
508 1693926.2292682927
509 1474864.0180995476
510 1455579.2995391705
511 1881534.5343137255
512 1629486.3504672898
513 2104787.2277777777
514 1600251.0514018692
515 1858600.5130890051
516 1475156.3595505618
517 1648271.1897435898
518 1993863.2727272727
519 1707211.6302083333
520 1950180.0051020407
521 1694009.6276595744
522 2282537.863849765
523 1972966.5817307692
524 1296806.635897436
525 1869162.7675675675
526 1648582.6137566138
527 2089443.2896174863
528 1319797.7354497355
529 1727608.0346534653
530 2433236.331838565
531 1529358.30964467
532 2329356.618357488
533 1937547.3188405796
534 2176833.2485549133
535 2368717.602040816
536 1438510.1699029126
537 1294874.4647058824
538 1720061.7438423645
539 2151195.8172043012
540 1612269.9064039409
541 1791990.8786407767
542 1600210.578125
543 1663842.1147540985
544 1654664.5539906104
545 2479547.22513089
546 2096823.345177665
547 1672106.6484018264
548 1646066.1489361702
549 2074768.646153846
550 2275763.1407035175
551 2605429.6458333335
552 1844083.417085427
553 1706115.3408071748
554 1625019.1153846155
555 1830018.8138297873
556 1638562.388888889
557 2606412.1030927836
558 1995518.4848484849
559 1900173.1990291262
560 1837098.6578947369
561 2270498.2551020407
562 1950730.7511520737
563 1536168.3468208092
564 2048684.245
565 1574847.2460732984
566 2745797.557142857
567 2541407.882352941
568 1734282.0917874395
569 1563286.2067039106
570 1921229.0
571 1820959.3455497383
572 1833326.8457711444
573 1871557.115183246
574 1790070.286407767
575 1707520.7230046948
576 1663136.5741626795
577 1628781.103448276
578 1488704.83
579 1880026.4227272726
580 1864198.445026178
581 2012664.9081632653
582 1663702.89
583 1996349.2683982684
584 2677716.795121951
585 1931621.417989418
586 2335176.502538071
587 1942048.465437788
588 1565080.469072165
589 1697958.3971291867
590 1789643.5104166667
591 2733460.5773195876
592 1765391.912820513
593 2081152.8578947368
594 1603632.132183908
595 2303468.348039216
596 2527514.039800995
597 2349327.587912088
598 2006748.8066037735
599 2021818.664864865
600 2436846.3526785714
601 1664430.8545454545
602 1706809.5514018692
603 1811614.267759563
604 2236247.4790697675
605 2717100.9418604653
606 2960651.376190476
607 2195994.615023474
608 2888238.5895953756
609 1698510.0609137055
610 1623882.7558685446
611 1580698.1275510204
612 2324319.0687830686
613 1938292.4623655914
614 2321099.4019138757
615 2527586.392670157
616 1977254.9887640448
617 1923735.875
618 1716944.162011173
619 2313708.9851485146
620 2315925.314917127
621 1797701.5846153847
622 3237219.8846153845
623 2335236.4326923075
624 1958719.4387755103
625 1811746.293814433
626 1971744.3480662983
627 1924011.3399014778
628 1979910.3015075377
629 2920102.1005291007
630 1252833.062200957
631 1839990.422330097
632 1788369.8620689656
633 2408089.7198275863
634 3169835.4393939395
635 3087070.220833333
636 2724349.7688679243
637 2751941.0922330096
638 2987784.9273743015
639 1984871.4886877828
640 1993615.6025641025
641 1886258.0714285714
642 2396425.154255319
643 2485170.9396984926
644 2262689.26519337
645 2533575.78
646 2795683.8316326533
647 2054393.0606060605
648 3523350.8651685393
649 1911260.8894472362
650 1954596.7311320754
651 2075693.3664921466
652 2207219.1588785048
653 1908985.139896373
654 1506053.945
655 1921118.5492227979
656 1904962.377142857
657 2083899.9090909092
658 3520211.462686567
659 2194453.9547738694
660 3309737.54822335
661 2128028.9056603773
662 2405972.682464455
663 3828919.8385416665
664 2744131.5425531915
665 4416622.742105263
666 1895862.231958763
667 2615438.923444976
668 4186931.7395348838
669 2145238.4866310162
670 2926122.5555555555
671 1899706.2711864407
672 2401524.879310345
673 1773446.3125
674 1989518.6543209876
675 2229298.169724771
676 3429194.0535714286
677 3441406.505
678 3489390.2978723403
679 2289750.763285024
680 1962710.163265306
681 2327599.928229665
682 1731914.9672897197
683 3204362.6519337017
684 2373081.7164179105
685 1844061.819004525
686 2585935.79
687 1860521.9215686275
688 3093473.6666666665
689 2453742.005319149
690 3022525.9438775512
691 1941205.5028571428
692 1999162.2628571428
693 2105955.7
694 3961455.1049382715
695 2957273.8577777776
696 3082645.857894737
697 1922689.9365079366
698 2287465.9468085105
699 2460796.575
700 5329030.240837696
701 3135598.5879396987
702 3364230.5789473685
703 2379389.6355555556
704 2443824.497461929
705 2596208.280788177
706 3430471.145
707 3561992.069767442
708 2415160.63507109
709 2961435.2604166665
710 3000772.463054187
711 4556738.592592592
712 2422737.7336683418
713 2568696.3316582916
714 2188925.408653846
715 6448348.923076923
716 2310201.385
717 2721552.5133689838
718 3330649.207070707
719 2082294.2258064516
720 2076328.5269461079
721 4065767.3756613755
722 4588725.885869565
723 2281733.4187192116
724 2077076.2378378378
725 2180014.0497512436
726 2243341.574879227
727 3035198.4598930483
728 3842968.5776699027
729 2283172.1883408073
730 4816318.76142132
731 5161961.134502924
732 2686534.519047619
733 3404578.2694063927
734 2283267.765
735 2791343.6597938146
736 2817488.6780487807
737 2822675.6714285715
738 1945534.575
739 1846935.109947644
740 3702435.0967741935
741 2059379.575
742 5055116.0
743 1949432.3051643192
744 2931541.0880829017
745 9140219.936363636
746 3547541.7736842106
747 2174350.572052402
748 2241989.2666666666
749 2109399.5714285714
750 3032531.7675675675
751 3139573.812785388
752 3406494.06
753 2890413.262910798
754 3354578.368159204
755 3093301.079439252
756 2008820.7087378642
757 2415261.0947867297
758 2600268.315068493
759 3535703.969230769
760 2992488.4039408867
761 5338888.80952381
762 3829110.2125603864
763 2594899.924731183
764 1977004.6682464455
765 2152077.5217391304
766 2371864.1428571427
767 2513051.582010582
768 2071305.359223301
769 4306211.563829787
770 2189510.230366492
771 3171515.2211055276
772 4252998.128078817
773 4722898.134615385
774 4793107.5051546395
775 3052377.861244019
776 3568864.995515695
777 3022789.5477386937
778 3304358.512820513
779 2724510.9633507854
780 2445790.202072539
781 2690267.1386138615
782 4403529.938095238
783 2611247.7962085307
784 3348341.4404761903
785 5420176.596244131
786 3467418.080645161
787 2604141.0
788 4443099.676767677
789 3679077.0
790 3421125.8701923075
791 2486575.435897436
792 4932164.849315069
793 3506722.2211055276
794 4668621.82464455
795 2470379.198019802
796 4625108.778350515
797 4433832.80882353
798 2912628.9945355193
799 4342743.10880829
800 1.369134315625E7
801 5283909.119047619
802 2444120.7608695654
803 5043806.086538462
804 2468436.0133928573
805 2781906.5555555555
806 3383422.941964286
807 8162815.394618834
808 3407368.4285714286
809 2667126.2395833335
810 3769007.3284313725
811 2886598.69375
812 3823913.014563107
813 3507879.4540229887
814 2447051.4196428573
815 2490987.603773585
816 2899273.2242152467
817 3400278.6936936937
818 3787082.875
819 5433366.953488372
820 8093738.404878049
821 2927351.2259615385
822 3218515.3971962617
823 5009655.952380952
824 3411667.4292682926
825 2325993.4744186047
826 3577398.671296296
827 4683452.817708333
828 2551904.03125
829 3009593.9263157896
830 6572208.2
831 5200229.633879782
832 4034881.0921658985
833 3690635.62371134
834 8938147.966666667
835 1.5786672699029127E7
836 5016981.279411765
837 7094038.096618357
838 5866178.368932039
839 7543831.945945946
840 3620308.4098360655
841 5540383.026178011
842 3512796.8397435895
843 7173299.145
844 9853830.151960785
845 4029774.446511628
846 2832617.527363184
847 5468874.90625
848 1.103933963425926E7
849 7815544.495192308
850 6782163.544642857
851 5939974.921658986
852 2802393.178010471
853 2255024.0
854 9564088.191489361
855 4016119.9408866996
856 6738577.028571429
857 3500936.9714285713
858 5720187.02051282
859 6791408.015957447
860 6425655.241025641
861 4843682.394736842
862 5842776.433962264
863 4173131.893719807
864 3912218.4323144103
865 2562996.8853211007
866 3604498.4120171675
867 3832665.9839572194
868 4415825.573604061
869 2534262.4054054054
870 2483662.039106145
871 4824550.9
872 6631808.741463414
873 8033167.841860465
874 4048095.746835443
875 3871559.429906542
876 2644018.15
877 6980395.72815534
878 3887027.482051282
879 2828701.3494623657
880 3540254.6294416245
881 6042472.227488152
882 1.820554994514768E7
883 1.3180427910798121E7
884 8432723.058536585
885 3746670.5862068967
886 9142206.36318408
887 2.2447199143564355E7
888 9640725.137440758
889 3797260.0757575757
890 9372841.990196079
891 3581501.466666667
892 8052681.778846154
893 3393303.5463917525
894 5221039.303482587
895 4964577.721649485
896 6616227.984848484
897 6739623.567567567
898 2631391.7055837563
899 1.1076879696808511E7
900 2295844.037735849
901 1.2657618052083334E7
902 4418703.018604651
903 1.517976E7
904 5612260.255319149
905 4134804.3560209423
906 4740336.031413613
907 2905340.138297872
908 6631850.657534246
909 1.0219082852173913E7
910 6775976.807692308
911 6961305.017316017
912 5040941.980099503
913 5215759.101010101
914 9382131.317460317
915 6543497.760869565
916 6229680.311557789
917 3619998.6086956523
918 9868278.602870813
919 1.4119726078260869E7
920 2598525.8977777776
921 6133683.397590362
922 2502177.805128205
923 5699170.892857143
924 6533624.886138614
925 4866410.949238579
926 7598548.431192661
927 4680970.581151833
928 4037676.136792453
929 9375673.574162679
930 5284798.902777778
931 1.3281837038461538E7
932 1.807040876958525E7
933 3015113.8864864865
934 4162846.32460733
935 1.6063375633802816E7
936 6089421.765
937 8783551.213592233
938 1.3220355639175259E7
939 6675542.420212766
940 1.2823141813131314E7
941 4149457.710526316
942 3611902.8349056602
943 1.5551715905472636E7
944 2612387.2790697673
945 6607536.881443299
946 2377608.9378238344
947 1.2829977813559322E7
948 7237751.71657754
949 1.6162985369668247E7
950 1.5858463715025907E7
951 2.146345791836735E7
952 1.4538684054054054E7
953 5386427.675126904
954 4397294.793969849
955 1.011881904954955E7
956 7190837.619047619
957 2500162.983425414
958 7592031.7860465115
959 4115255.564102564
960 6018337.027173913
961 3684332.3971291864
962 6096707.109452737
963 3332118.5308056874
964 1.0004922551111111E7
965 2983848.427027027
966 8617050.367924528
967 3595076.4043715848
968 2880028.75
969 1.6476081320652174E7
970 4917278.022099447
971 3459283.7434554975
972 7094499.304761905
973 3877502.4880382777
974 4329699.339805826
975 2501914.1428571427
976 2.359189290659341E7
977 1.1539283378947368E7
978 2838181.952879581
979 2881494.9677419355
980 2.2246863568888888E7
981 1.1818755849514563E7
982 5.3542766666666664E7
983 1.0857578622093024E7
984 5258229.896739131
985 9925659.862944162
986 3075829.5024630544
987 4633531.185840708
988 8.88566032672811E7
989 7760075.02631579
990 2963643.0923076924
991 1.3586019594634145E8
992 8525825.848167539
993 2983006.7595628416
994 4922944.122994652
995 2.0449910095505618E7
996 5429207.623318385
997 8888895.801980197
998 1.984257019774011E7
999 4732582.495192308
