1 21392.2890625
2 2229.9834710743803
3 409614.9345794392
4 2246.3716216216217
5 2207.1785714285716
6 2250.1417910447763
7 54872.530303030304
8 505583.6929133858
9 221252.453125
10 2216.559210526316
11 83226.13178294574
12 48215.086614173226
13 2274.094890510949
14 46036.79831932773
15 44276.16379310345
16 136996.16911764705
17 89070.51666666666
18 122520.14615384616
19 160512.8780487805
20 90808.075
21 103462.1038961039
22 288011.91150442476
23 327343.3007518797
24 117067.632
25 413507.3984375
26 348840.9090909091
27 274959.34375
28 45216.99180327869
29 114059.23577235773
30 46655.272
31 226897.064
32 47736.31746031746
33 273384.7328244275
34 388497.76515151514
35 85227.17164179105
36 156429.48818897636
37 204293.5241935484
38 559374.6343283582
39 973042.9361702128
40 298575.6074074074
41 269470.5346534653
42 321741.8359375
43 231589.6923076923
44 395765.34057971014
45 375121.5084745763
46 486992.173553719
47 351358.6376811594
48 162682.74626865672
49 52746.55454545454
50 349064.08490566036
51 87921.736
52 207948.58823529413
53 268479.7833333333
54 271893.6402877698
55 206596.53658536586
56 531549.5042735043
57 426467.11475409835
58 94796.06349206349
59 277918.3185840708
60 203133.67938931298
61 163193.64788732395
62 657038.7555555556
63 329039.3243243243
64 185862.94736842104
65 263746.2195121951
66 315152.18852459016
67 504761.77419354836
68 426764.14960629924
69 393603.6422018349
70 389825.9016393443
71 918691.3493150685
72 755604.6060606061
73 415098.8870967742
74 483143.9557522124
75 561522.4538461538
76 393872.80341880344
77 286381.6666666667
78 758029.0176991151
79 160088.1
80 327605.2671755725
81 747728.0606060605
82 192124.71223021584
83 203820.0652173913
84 433838.0
85 472291.29032258067
86 614050.9461538461
87 587894.6821705427
88 353449.81751824816
89 380472.71942446043
90 389904.2536231884
91 84935.91150442477
92 238860.02189781022
93 953268.0223880596
94 292108.99047619046
95 395822.3134328358
96 613419.792
97 504066.61971830984
98 342221.6129032258
99 561430.132231405
100 920132.4507042253
101 875281.9421487603
102 524635.1145038168
103 365598.6328125
104 365792.1127819549
105 241421.26356589148
106 390330.34
107 617418.626984127
108 729761.9166666666
109 500684.725
110 542021.1773049645
111 707187.8872180451
112 509446.54098360654
113 261038.64285714287
114 413206.6456692913
115 417223.6615384615
116 475573.0230769231
117 356946.00757575757
118 263641.7478991597
119 586174.0
120 477291.8217054264
121 767067.9316239316
122 972620.6229508197
123 596774.0806451613
124 483513.8803418803
125 731242.6692307693
126 817625.84
127 584887.854961832
128 460746.23308270675
129 525535.4533333334
130 735467.3389830509
131 404541.2290076336
132 314585.4705882353
133 784184.5130434782
134 515575.3739837398
135 349367.1773049645
136 736970.8402777778
137 718760.2480620155
138 527401.6916666667
139 621357.7313432836
140 630984.5714285715
141 1022531.2521008403
142 747016.3425925926
143 432061.4236111111
144 624618.6583333333
145 587224.2393162394
146 976097.5037593985
147 754367.28
148 874116.7960526316
149 516996.13513513515
150 441410.46527777775
151 598009.6976744186
152 658565.5075757576
153 529337.695652174
154 785842.237037037
155 530186.6206896552
156 396841.4552845528
157 1485371.896825397
158 325576.02222222224
159 605011.0806451613
160 519768.0074074074
161 567756.6291390728
162 769559.1652892563
163 587399.9915966387
164 1286632.8450704226
165 610000.3965517242
166 543478.4852941176
167 770064.4363636364
168 798726.3484848485
169 567418.1531531531
170 519155.64122137404
171 299753.18699186994
172 652701.78125
173 539049.7397260274
174 662041.5905511811
175 813054.8837209302
176 549049.6052631579
177 856906.296
178 680840.6363636364
179 796791.1370967742
180 884194.6306306307
181 1444988.0983606558
182 610343.4047619047
183 1543223.455882353
184 741743.3712121212
185 669095.8428571429
186 492646.9322033898
187 571946.8721804512
188 725924.312
189 697254.546875
190 1323168.4390243902
191 770616.1194029851
192 556448.0236220473
193 840334.0487804879
194 705603.09375
195 915639.4829931973
196 910252.5363636364
197 829138.8571428572
198 636290.0194805195
199 522427.5
200 1318697.2814814814
201 750369.736
202 704883.7372262774
203 719286.8717948718
204 881513.3426573427
205 603030.8188976378
206 756931.5531914893
207 872365.1276595745
208 670694.8787878788
209 912150.2352941176
210 940285.0826446281
211 696771.051724138
212 917850.9130434783
213 992204.25
214 1001369.0952380953
215 942861.722972973
216 671369.4745762711
217 971828.2596153846
218 745279.9906542056
219 1004707.2288135593
220 511882.9203539823
221 714827.0
222 981918.9243697479
223 1144672.2727272727
224 737350.8248175182
225 857780.974789916
226 970546.25
227 1105045.8512396694
228 976400.6171875
229 902584.0681818182
230 972252.842519685
231 879508.7552447553
232 1046415.7323943662
233 927558.232
234 1020954.2222222222
235 1199847.7068965517
236 1019880.9349593496
237 659460.2232142857
238 1061904.2164179105
239 846351.1031746032
240 927682.7786885246
241 767372.4186046511
242 1092430.717948718
243 843944.0
244 1440805.3740458016
245 1053427.392
246 490543.1
247 1053270.1451612904
248 653964.1219512195
249 614292.32
250 968985.22
251 957147.8467741936
252 1250456.6928571428
253 730911.1655629139
254 1381191.0223880596
255 884317.6056338028
256 1045198.9763779527
257 930186.254385965
258 956755.5391304347
259 938250.9411764706
260 534288.674074074
261 978241.584
262 1171217.9454545456
263 1203958.4887218045
264 925796.5185185185
265 755714.5925925926
266 928549.2554744525
267 1343363.0567375887
268 1169859.75
269 1365997.7938931298
270 870905.8048780488
271 1138998.1705426357
272 776214.2857142857
273 999377.393442623
274 970402.1151079136
275 1239175.9696969697
276 1398603.7463768115
277 1597516.0707964601
278 1414945.0975609757
279 981864.9256756756
280 1160329.6260869566
281 1320010.7674418604
282 1191205.4758064516
283 1146806.304964539
284 956962.6396396396
285 1244370.2230215827
286 1057099.574468085
287 789886.6825396825
288 1601084.2595419846
289 1109028.9203539824
290 832390.1692307693
291 1350683.1652892563
292 1334276.5163934426
293 1565083.9310344828
294 1106457.2196969697
295 1303135.6475409835
296 1228456.3644067796
297 1407783.8916666666
298 1539858.4351145038
299 1220057.3865546219
300 1206914.0546875
301 1169207.705882353
302 888050.2727272727
303 1021887.1467889908
304 1243528.1897810218
305 1377077.7368421052
306 1092404.2912621358
307 1249568.4589041097
308 961150.3435114503
309 1172352.3472222222
310 1095012.894308943
311 919180.6744186047
312 1724541.4179104478
313 1197850.625
314 1345951.3211678832
315 790673.968503937
316 975365.1937984496
317 1106806.7045454546
318 1355837.9710144927
319 1732386.9675324676
320 1539995.9302325582
321 868823.8051948051
322 1026583.1357142857
323 2160483.3913043477
324 1090266.905982906
325 1556948.176
326 1251548.6911764706
327 986882.6213592233
328 1217199.10625
329 1246240.535433071
330 1373735.9411764706
331 1342143.1323529412
332 1074539.6935483871
333 910653.7142857143
334 1461551.9194630873
335 1245282.3308270676
336 1747041.2654867256
337 1236761.8796296297
338 1402174.1081081082
339 1653836.282051282
340 1831907.171641791
341 1777854.5032258064
342 1280574.5080645161
343 1059139.7413793104
344 1218894.744
345 1494442.6585365853
346 1836461.1897810218
347 1465633.4620689654
348 1390886.905109489
349 1231958.8632478632
350 1377713.847457627
351 1016801.9761904762
352 1515218.5252525252
353 1284212.3602941176
354 1202974.1666666667
355 1447427.3684210526
356 1604638.3230769231
357 1418256.282051282
358 1198725.5547445256
359 1450151.0738255035
360 1198124.794117647
361 1895434.3893129772
362 1387526.8655462186
363 1260920.829059829
364 1099669.3697478992
365 1643596.784
366 1272376.504
367 1287772.0289855073
368 1745694.1643835616
369 1955630.7028985508
370 1155902.7299270073
371 1445021.4671532847
372 1581764.3076923077
373 1202292.12605042
374 1414877.6397058824
375 1598211.623931624
376 1291209.828220859
377 1644390.8695652173
378 1391704.5454545454
379 1387677.1705426357
380 1591100.3358778625
381 1982903.7285714287
382 1961854.7983870967
383 1892072.4596774194
384 2246052.9420289854
385 1192613.4360902256
386 1813411.8776978417
387 1587923.6344827586
388 1499329.6326530613
389 1401551.811023622
390 1587061.7258064516
391 1257272.3565217392
392 1322256.9811320754
393 1707669.4471544717
394 1615937.9259259258
395 1636749.9677419355
396 1955116.4661016949
397 1805001.7479674798
398 1499416.705882353
399 1224145.1009174313
400 1484983.211678832
401 1550211.3260869565
402 1684447.0305343512
403 1231108.1594202898
404 1639696.3873239437
405 1598207.4426229508
406 1503057.25
407 1999855.9366197183
408 1273279.7591240876
409 1129790.9343065694
410 1552670.9185185186
411 1886871.8359375
412 2134766.0153846154
413 2098476.660550459
414 1427921.0510948906
415 2076080.5161290322
416 1681765.9015151516
417 2116864.843283582
418 1226862.5955882352
419 1279023.8914728682
420 1476615.608695652
421 1983269.7672413792
422 2006633.8818897638
423 1734039.406504065
424 2490873.9285714286
425 1432174.1339285714
426 1404342.1972789115
427 1399881.3649635036
428 1617695.1937984496
429 1611658.32
430 1455481.8984375
431 1304736.7596899224
432 2666028.661654135
433 1470575.5931034482
434 1455842.2347826087
435 1634567.380597015
436 2238397.53125
437 1578487.3333333333
438 2070995.944
439 1673608.5037037036
440 1637324.0652173914
441 2103327.736842105
442 1689596.5757575757
443 2056789.776
444 2367862.2960526315
445 2261961.643356643
446 2045116.2809917356
447 2111660.570093458
448 1446609.9104477612
449 1974231.3021582733
450 1494743.762295082
451 2047800.2479338844
452 1810640.695035461
453 2335970.116788321
454 1556223.3507462686
455 1521377.9682539683
456 2102581.537878788
457 2106934.932835821
458 1573717.3358778625
459 1697499.9469026548
460 1576961.8181818181
461 1919213.8976377952
462 1550795.46875
463 1812387.2440944882
464 1427224.5737704919
465 1456644.576923077
466 1471615.5572519084
467 1538798.3333333333
468 1508168.990990991
469 1901029.0147058824
470 1967474.796875
471 1354075.304
472 1467896.3596491227
473 1904942.9557522123
474 1965778.962962963
475 1646876.0260869565
476 3045341.9065420562
477 2317620.201550388
478 2011309.56779661
479 2826148.5546218487
480 2319388.9166666665
481 1577829.7435897435
482 1817062.2537313432
483 2214710.0069444445
484 2079334.6217948718
485 1750783.5913978494
486 1954700.621212121
487 1392185.11971831
488 2061440.2061068702
489 2048125.1176470588
490 2017236.7122302158
491 1613836.7086614172
492 2545995.9145299145
493 1764420.0840336136
494 2140643.2945736432
495 2272818.8181818184
496 1839394.4173228347
497 2081857.618705036
498 1899233.1811594204
499 2132256.912751678
500 1909410.8344827585
501 1570802.873015873
502 2053496.359375
503 2441562.4201680673
504 1813679.6296296297
505 2096779.5563380283
506 2063186.325
507 2740120.7425742573
508 2209399.6306306305
509 2027080.9852941176
510 1710310.0071942445
511 2269663.100840336
512 3220346.184615385
513 1994597.7162162163
514 2205284.2556390977
515 2816013.5398230087
516 1525770.5196850393
517 2376735.7603305783
518 2192834.6078431373
519 1956492.6402877697
520 1641686.2177419355
521 1640743.8936170214
522 1704213.5775862068
523 2128330.834532374
524 2113039.3174603176
525 1675285.9347826086
526 2073882.4140625
527 2109049.4121621624
528 2019167.0
529 2773500.649253731
530 1975203.9914529915
531 1613552.0877192982
532 2285598.0634920634
533 1264178.6
534 1562903.9532710281
535 2397042.066666667
536 1685526.2636363637
537 2356456.5142857144
538 1870382.5423728814
539 2304287.9142857143
540 2200533.8854961833
541 2412290.7844827585
542 2715974.25
543 2363923.3113207547
544 1839638.0080645161
545 2483432.677165354
546 2404041.352
547 1705577.12
548 2669658.4285714286
549 1715768.7241379311
550 2370080.7293233084
551 2356710.489208633
552 2755753.0402684566
553 1936823.5748031496
554 1677254.25
555 2116421.875
556 1653409.1785714286
557 2096073.5545454544
558 2947819.808
559 2665722.5789473685
560 2451496.990990991
561 2375584.7117117117
562 2487017.0
563 1890041.950819672
564 3428183.2213114756
565 1914522.25
566 1653786.7857142857
567 3096031.685483871
568 1709558.1363636365
569 2182558.828125
570 1710552.9836065574
571 3300887.219858156
572 2324824.1785714286
573 2217572.472
574 2818278.342465753
575 3011450.0074074073
576 2206851.6666666665
577 2276077.180327869
578 2126866.5798319327
579 2262064.0
580 2000413.0084033613
581 3477148.1946308725
582 2367220.9931034483
583 2194903.6641791044
584 2446975.1308411215
585 2067342.4603174604
586 2329942.5153846154
587 2641644.100775194
588 2391794.4785714285
589 2123141.8106060605
590 2695850.611111111
591 2521214.4420289854
592 1877030.8211382113
593 2868260.4195804195
594 2361350.167701863
595 2517984.678832117
596 2165414.62601626
597 3174933.205882353
598 3019983.0214285715
599 2249580.1416666666
600 2431043.512
601 2007474.4
602 2819828.2627737224
603 3135012.6204379564
604 4120166.277372263
605 2519070.348623853
606 3098244.076923077
607 2976397.0614035088
608 2168110.504347826
609 2059254.7285714287
610 2032981.162601626
611 1862216.0598290598
612 2085494.5864661655
613 2559169.232
614 3190258.8642857145
615 2252778.896825397
616 2350168.65942029
617 2986383.14516129
618 2851551.4571428574
619 2628434.8
620 1726939.1374045801
621 1783014.78125
622 2432501.3362068967
623 2805133.378787879
624 2316811.0364963505
625 3868956.0
626 2678709.559055118
627 2574050.2641509436
628 2182595.018018018
629 3157130.9305555555
630 3274985.695652174
631 3007392.651785714
632 1974399.7686567164
633 2320036.664
634 2717912.088235294
635 1840209.8076923077
636 3096265.3571428573
637 2544850.0555555555
638 2649560.680672269
639 4768200.153225807
640 4176443.1981981983
641 1871196.268907563
642 1731243.9266666668
643 3658770.0247933883
644 3135729.8455284555
645 2253487.8843537415
646 2042373.3362831858
647 2932363.4476190475
648 4070102.709923664
649 2847161.575
650 2045313.1615384615
651 2365511.808333333
652 3181166.203007519
653 3433754.808333333
654 3574902.619047619
655 2326603.9911504425
656 2059208.550387597
657 3707872.7357142856
658 2065525.660130719
659 3058115.4033613447
660 3315802.8561643837
661 1761325.268907563
662 2576931.9104477614
663 2747459.7916666665
664 3996382.115942029
665 2391007.5524475523
666 3664383.755725191
667 3484370.6901408453
668 2608616.4765625
669 2908238.5038167937
670 2073351.674796748
671 2802459.4495412842
672 3236572.2100840337
673 2828921.4476190475
674 2617461.487804878
675 3344280.3851851854
676 2639057.788617886
677 2313293.3358778628
678 2334318.984375
679 2868951.01369863
680 2856475.6384615386
681 2119241.730769231
682 2031498.25
683 2815215.3181818184
684 2943310.7384615387
685 3612527.0833333335
686 2558535.725663717
687 3229458.604477612
688 2824190.661764706
689 3966293.2926829266
690 3598267.3515625
691 2112934.992805755
692 3517251.194244604
693 2377975.2459016396
694 3316903.785123967
695 3101783.1052631577
696 3544823.881818182
697 3893838.0859375
698 2524545.368852459
699 3396435.625
700 3338094.025210084
701 2414463.2835820895
702 4567371.555555556
703 2259246.7155963304
704 3942112.96875
705 2378394.8320610686
706 2515909.504
707 3274277.9375
708 3511263.3284671535
709 2522791.3583333334
710 2320643.583941606
711 2849249.007751938
712 2863844.0833333335
713 2832802.52991453
714 2683118.9296875
715 4948804.2
716 2764562.9606299214
717 4655445.6
718 2746045.0578512396
719 2360007.1428571427
720 2917684.37398374
721 2564497.9072847683
722 2274358.65625
723 2863732.197080292
724 2662338.828828829
725 2237212.0
726 2413604.415492958
727 2897722.338345865
728 4319913.9147286825
729 3294163.204918033
730 2833501.4307692307
731 2476557.5862068967
732 4644461.4
733 4777874.769230769
734 2406822.970588235
735 3587943.2213114756
736 3390395.7647058824
737 3631666.7985074627
738 3117685.923076923
739 2640487.841726619
740 2335410.7898550723
741 2618476.064
742 2780603.588235294
743 3449455.2357142856
744 3019707.2534246575
745 2179469.5045045046
746 2952905.290780142
747 5813040.126126126
748 2380213.6153846155
749 3896532.793650794
750 2819663.36440678
751 3255809.3384615383
752 3523467.0
753 3653852.6086956523
754 2635781.3636363638
755 3616835.9197080294
756 3272378.31092437
757 2640461.3082706765
758 3567796.4846153846
759 2660136.5
760 3595060.7762237764
761 2912370.025210084
762 3766032.33557047
763 4120110.9663865548
764 3583360.201550388
765 3360398.464912281
766 3548292.34057971
767 2891385.7054263568
768 4261119.595744681
769 6343008.30075188
770 2712303.868613139
771 2421335.9921875
772 4593055.187096775
773 4140915.8455284555
774 2906964.8473282442
775 5886929.349593496
776 5972867.805369128
777 2321546.316666667
778 3448525.7364341086
779 2360937.6141732284
780 3154675.8562091505
781 2564664.954887218
782 3302303.824
783 5558610.58974359
784 9005289.87826087
785 5616493.890510949
786 2933833.99009901
787 7303700.725806451
788 5142595.222222222
789 3079297.1900826446
790 6407029.49579832
791 5186020.917355372
792 3265335.596899225
793 2841225.695652174
794 1.0267726120370371E7
795 3413850.4811320757
796 2182726.046153846
797 3417324.7534246575
798 3225857.097744361
799 7081090.34351145
800 3041879.4565217393
801 8668733.867256638
802 5507519.0
803 3471239.328125
804 4021937.714285714
805 5636441.496644296
806 2306620.098039216
807 4666688.74796748
808 3794474.1238938053
809 2936327.8283582088
810 4972369.748091603
811 4037282.0
812 4781490.287878788
813 3583045.462585034
814 5694119.884615385
815 3248549.207207207
816 3244090.2327586208
817 5885250.028985507
818 7484985.992957747
819 4148559.551181102
820 2825830.4214285715
821 2765671.5655172416
822 4039629.7083333335
823 2939906.4923076923
824 2764710.850877193
825 3517492.757352941
826 5165936.419117647
827 2917372.2735042735
828 5280873.525
829 4968946.194915255
830 3254345.0165289254
831 3588555.711111111
832 5744961.916666667
833 5112014.731034483
834 6298638.577181208
835 4034326.611111111
836 4049589.8666666667
837 5258530.982758621
838 4980399.743055556
839 2803963.058333333
840 2981117.0165289254
841 2844889.3484848486
842 3789339.146788991
843 3268157.264957265
844 3014001.474137931
845 3651771.574626866
846 3256754.344262295
847 3300649.474137931
848 3616532.4166666665
849 3123898.3357664235
850 1.1997110123188406E7
851 4685443.680851064
852 4408687.407407408
853 6831210.858267716
854 6528761.240310078
855 8635116.553719008
856 1.0801041503816795E7
857 1.1197454767441861E7
858 7561935.854961832
859 1.2210488592857143E7
860 4442981.870689655
861 1.2539096429752067E7
862 8576828.097222222
863 6408259.3503649635
864 3985511.0
865 2691147.9402985075
866 1.202163325925926E7
867 3558562.161016949
868 7059993.422535211
869 4307024.81147541
870 4003109.926829268
871 5454863.752136752
872 4489351.622516557
873 3351395.0
874 8838994.584745763
875 1.1662678532786885E7
876 1.9912535092436973E7
877 4988866.844827586
878 3085683.320610687
879 1.0395974E7
880 6869294.642384106
881 1.2885183764705881E7
882 2900124.507352941
883 5205655.583333333
884 6973130.829457364
885 5193065.464566929
886 3175601.3984375
887 8372747.236842105
888 3872112.21875
889 7805826.314516129
890 6931548.644067797
891 8267820.953125
892 3552183.7647058824
893 2.1459116708955225E7
894 1.221646772413793E7
895 1.3256847383458646E7
896 1.847291493283582E7
897 1.7033899223880596E7
898 8787793.160305344
899 6469411.734265734
900 1.84944304E7
901 1.0237425686666667E7
902 1.0373695692307692E7
903 5675466.18487395
904 5776505.031496063
905 7461884.641791045
906 1.3935063121212121E7
907 6815610.916030535
908 3.418408834507042E7
909 5069792.571428572
910 8166501.263565891
911 3213252.654411765
912 3072970.025210084
913 2900240.751724138
914 8615616.780487806
915 7812037.924242424
916 2657786.169354839
917 2.818133556451613E7
918 4328513.38167939
919 2693507.3613445377
920 2826909.5555555555
921 3441462.0508474577
922 1.0340264375E7
923 2798050.8527131784
924 5073322.4206896555
925 6576540.860927152
926 1.9725321256E7
927 4.400519337719298E7
928 9350926.427419355
929 1.4332744006944444E7
930 3426938.904
931 1.3357604E7
932 7392862.694029851
933 8351154.241935484
934 1.6156561547619049E7
935 1.468552758064516E7
936 3246608.606557377
937 3.550061856390978E7
938 6960747.735294118
939 2.3429791777777776E7
940 4141454.116788321
941 3820898.834532374
942 1.2667371209090909E7
943 3409468.905982906
944 2.6662193348101266E7
945 8174776.052173913
946 3221933.0069444445
947 1.5944747219858157E7
948 5941060.296296297
949 3162585.7540983604
950 4447897.905982906
951 5593414.192307692
952 1.08900195864E8
953 2.815218380821918E7
954 1.8926146166666668E7
955 1.906157836423841E7
956 5.702723323529412E7
957 4864948.639097745
958 2.1527625218487393E7
959 1.978284157894737E7
960 4358329.861313868
961 1.3940347971875E8
962 1.277656975925926E7
963 8800673.486956522
964 6.775455894039735E7
965 1.872881105691057E7
966 3197664.4405594408
967 1.25541843553719E7
968 2.926127688321168E7
969 1.7063865496774193E7
970 6366448.681818182
971 8897672.975206612
972 2.8481181233333334E7
973 1.4089127423076924E7
974 6341538.0
975 1.0711169547008548E7
976 1.3631536826190478E8
977 9797437.328125
978 1.6381923487804879E7
979 7936815.948529412
980 6312665.302816901
981 2.4170319732394367E7
982 1.0676579507575758E7
983 2.4217061330645163E7
984 3268888.433070866
985 1.2802908795419848E8
986 3436809.8521739133
987 2.596995938970588E7
988 3626506.9925925927
989 1.6703765040650407E7
990 4.902740875471698E7
991 3931610.4462809917
992 4.187645684962406E7
993 7.955665890140845E7
994 2925583.641025641
995 8435850.706766916
996 3.178263335483871E7
997 3544056.3357664235
998 2.1487925395833334E8
999 1.2711089990070923E8
