1 1.805341957422969E7
2 2.2509551604395606E7
3 1.030558477437326E7
4 1.9653714048850574E7
5 2.9395407979942694E7
6 3315411.604712042
7 2.6690084801652893E7
8 1.9508525495652173E7
9 3.7349341354570635E7
10 4.314520052835052E7
11 2.237273013580247E7
12 3.2636686002906978E7
13 2.280272372625698E7
14 3.665575028726287E7
15 5469927.761538462
16 2043809.5988372094
17 3.0600840281653747E7
18 3.013767502259887E7
19 1332008.7358490566
20 1.0104709845108695E7
21 1.6538902699088145E7
22 1.3781014529411765E7
23 2685658.132231405
24 1.2633256950684931E7
25 1.796037894808743E7
26 2.88940034972973E7
27 3.2210327172307692E7
28 1.564430852892562E7
29 9191070.890666667
30 1.2406049755043227E7
31 3329578.7568238215
32 1.3957660133704735E7
33 1.19666691875E7
34 2.142511171883289E7
35 3.442974049271137E7
36 1.2870156459677419E7
37 6390001.081578948
38 1.6198838594086021E7
39 1.102113437948718E7
40 1.4257258232492996E7
41 1.0561106725388601E7
42 2.725934855408971E7
43 2.1969983784810126E7
44 2.190168010723192E7
45 2.1345343788804073E7
46 5741328.203856749
47 1.9912036920980927E7
48 1.4379417965425532E7
49 2.4142972226993866E7
50 3.071270182234957E7
51 1.974897982198953E7
52 2.2195777818181816E7
53 3.0962144645833332E7
54 3.0914185435135134E7
55 2.2149672227272727E7
56 3.0006676208443273E7
57 2.3350490514666665E7
58 3.95405259379845E7
59 9224712.994623655
60 3.2267043588732395E7
61 1.0641692324396783E7
62 6754668.900874635
63 2.696338856862745E7
64 2.8170062270341206E7
65 1.3170694837209303E7
66 2.394742972752809E7
67 5465361.57183908
68 2.587029141160221E7
69 1.4854058456090651E7
70 8022615.169642857
71 2.3842074073791347E7
72 1.2360324792717086E7
73 3.183639135828877E7
74 3.6799680237837836E7
75 1.9893263864583332E7
76 2.6560858250688706E7
77 2.652793051810585E7
78 3.5118593605797105E7
79 1.699137339493671E7
80 3802796.940509915
81 1.2312724692118227E7
82 2.9988064451790635E7
83 5622966.286516854
84 2.245174481693989E7
85 4.082512467887324E7
86 7084348.121621622
87 1.2151876237623762E7
88 1.4497019492385786E7
89 5605711.085714285
90 1.4468209166666666E7
91 2.7259779579710145E7
92 2.3547951156804733E7
93 4448135.873655914
94 2.7847886134897362E7
95 2.684436559659091E7
96 1.4758358555555556E7
97 1.7250988815013405E7
98 2.319094780964467E7
99 1.5448010865671642E7
100 2.396001769747899E7
101 3.8113469902743146E7
102 2.8509851603878118E7
103 9740300.554945055
104 3.375828949287749E7
105 5743241.103064067
106 3.2479980230113637E7
107 5698933.11815562
108 3.54077887506775E7
109 1.7090243498525072E7
110 1.6923379746556472E7
111 1.3961823666666666E7
112 2.6379439420612812E7
113 2.3733194975543477E7
114 3.2539465461734693E7
115 2.654049152972973E7
116 1.7739352481182795E7
117 1.7024366728723403E7
118 1.9303458005617976E7
119 9975848.067988668
120 1.845528858918919E7
121 1.7405852603491273E7
122 2.43029748987013E7
123 2.5060899277202073E7
124 5059435.301994302
125 1.8985634344559584E7
126 2.6471004980555557E7
127 1.6173544932153393E7
128 4.895645790656566E7
129 3.672200770967742E7
130 3.547718598786408E7
131 9480311.294594595
132 1.560685494198895E7
133 2.3722091858333334E7
134 7119666.266666667
135 3.854929266193182E7
136 1.7676438481182795E7
137 1.862270548941799E7
138 2.5975475994594596E7
139 2.0416369503797468E7
140 1.2223626986072423E7
141 1.2506648206989247E7
142 6802808.015915119
143 2.993820092328767E7
144 7009784.442196532
145 2.6358526043814432E7
146 4.1758706388140164E7
147 1.9549797156084657E7
148 1.9600956883468837E7
149 1.2780667314814815E7
150 1.7788474985875707E7
151 1.0764663452247191E7
152 2.5567899131707318E7
153 1.834389182804233E7
154 2.3260112573770493E7
155 9955771.902061855
156 2.408152371352785E7
157 2.2528435282122906E7
158 4.262650072058824E7
159 2.5424516692105263E7
160 1.4081864958677687E7
161 2.9592936085872576E7
162 1.161388873278237E7
163 3.4730685220670395E7
164 3.408592546884273E7
165 2.5634812394594595E7
166 1.3904708514360314E7
167 8872920.915531335
168 1.8563158070844688E7
169 2.4179901325814538E7
170 2.4190646511235956E7
171 1.0279125842245989E7
172 2.1265743155988857E7
173 2.4261528128205128E7
174 2.609086435977337E7
175 3.4701885264094956E7
176 2.9229354289634146E7
177 4.543160033521127E7
178 1.7896951322289158E7
179 2.521919327700831E7
180 3.1091148154046997E7
181 4.53087951344086E7
182 2.252493745505618E7
183 1.4908773776566757E7
184 2.5247396488304093E7
185 1.5004875639118457E7
186 1.9996924733153637E7
187 1.608320452E7
188 1.6283459346260387E7
189 1.1437063818965517E7
190 3.4014724652542375E7
191 1.350606325956284E7
192 2.9235793497340426E7
193 6635724.182320442
194 1.0759713629333334E7
195 1.004179859945504E7
196 1.2417251342105264E7
197 5.202041408285714E7
198 3.368181576944444E7
199 2.9582184247340426E7
200 1.6255739989333333E7
201 1.4395979697860962E7
202 2.6559868644808743E7
203 1.4147093002808988E7
204 2.175063824876847E7
205 2.8159537468085106E7
206 1.9405607952513967E7
207 3.08618602486631E7
208 1.5569407210674157E7
209 2.742754347236181E7
210 5.317779710789473E7
211 2.036782554107649E7
212 2.503517931680441E7
213 1.709505237260274E7
214 9691694.524590164
215 2.307034897826087E7
216 1.3037450538461538E7
217 3.853806343206522E7
218 2.8781232755610973E7
219 3.9062648812154695E7
220 1.3989550104972376E7
221 9952437.148337595
222 2.3037369782608695E7
223 1.6419908781671159E7
224 3.2607358844444446E7
225 4.188038872093023E7
226 3.0746633707246378E7
227 1.918965165925926E7
228 2.5146827121883657E7
229 2.8295228926229507E7
230 1.9482711686528496E7
231 1.5695930356948229E7
232 1.827628724808184E7
233 5.805028053932584E7
234 1.846033230927835E7
235 1.5322036956772335E7
236 3.054642236968085E7
237 1.5481656728070175E7
238 2.6432225293532338E7
239 3.2975722907035176E7
240 4.586196372571429E7
241 1.7380532996855345E7
242 2.2432494124050632E7
243 2.498346595549738E7
244 2.107627090410959E7
245 2.6370072803030305E7
246 2.2158197846774194E7
247 2.632127564285714E7
248 3.1232533758530185E7
249 2.7400437168539327E7
250 2.2747050591145832E7
251 2.5803582529562984E7
252 4.457551460103627E7
253 1.4642597736986302E7
254 9315697.31521739
255 1.5834660685800605E7
256 3.7658500643874645E7
257 1.9233076863861386E7
258 5.39040742434555E7
259 2.998890104178273E7
260 1.5331339423497267E7
261 2.0131980152941175E7
262 3.876770770029674E7
263 3.7716968834269665E7
264 2.538817192896175E7
265 5.438796387465181E7
266 2.65834224375E7
267 2.2644466148044694E7
268 1.8079586564841498E7
269 3.698621305121294E7
270 3.547058887394958E7
271 3.147700498666667E7
272 1.9924766232352942E7
273 3.2027785317280453E7
274 3.871334503225806E7
275 2.3196821682291668E7
276 1.5884356358381502E7
277 1.5800280466101695E7
278 4.7511716747023806E7
279 4.962909809248555E7
280 4.5549564887283236E7
281 3.489221693681318E7
282 1.6558682139204545E7
283 1.9157001092896175E7
284 3.637806703243243E7
285 4.747959481769437E7
286 2.1562933681933843E7
287 4.573427452E7
288 3.1462748794871796E7
289 1.6901628566572238E7
290 4.328330585784314E7
291 1.6922209872395832E7
292 4.662911609917355E7
293 4.198708183380282E7
294 3.4320736464497045E7
295 3.406796868562874E7
296 2.5823648042821158E7
297 2.81522548337469E7
298 2.0953878420765027E7
299 2.776673282222222E7
300 2.9274503309333332E7
301 2.524794426005362E7
302 3.823463589210527E7
303 4.511429570179949E7
304 2.5155231664788734E7
305 1.887056477260982E7
306 4.265282968571428E7
307 3.8789743024930745E7
308 3.3203419322997417E7
309 2.424459389090909E7
310 1.5117444263456091E7
311 2.7948324201149426E7
312 1.786304582352941E7
313 1.537917123275862E7
314 3.461576480263158E7
315 2.1931074547486033E7
316 5.235534926956522E7
317 5.169489903149606E7
318 2.7741998585227273E7
319 4.059703009275363E7
320 3.5770797815249264E7
321 1.712276311138614E7
322 1.6816167652777776E7
323 3.0760518760107815E7
324 3.506370043112245E7
325 2.1731452854054052E7
326 2.4697426086486485E7
327 2.197588239673913E7
328 3.859621725765306E7
329 4.879566660335196E7
330 4.394444610227273E7
331 2.8030741681440443E7
332 5.975638344197531E7
333 3.636945331195335E7
334 3.741252579746836E7
335 3.44532194974359E7
336 4.0276072620289855E7
337 4.067494724396783E7
338 3.370752704444444E7
339 3.3817993E7
340 1.5526168964673912E7
341 4.506916373775216E7
342 2.308162322849462E7
343 4.2585065277777776E7
344 2.3867995785714287E7
345 2.5665415405479454E7
346 2.024660393837535E7
347 3.4946001333333336E7
348 3.54053551E7
349 3.0094333919571046E7
350 5.148505228219178E7
351 3.2355794985714287E7
352 3.598499741225627E7
353 4.8154313278551534E7
354 4.0936836142118864E7
355 2.6546942042372882E7
356 2.9101609139053255E7
357 2.7776600290229887E7
358 5.475089599713467E7
359 2.479890993169399E7
360 3.2709223287323944E7
361 4.803237251014493E7
362 2.827804912E7
363 3.118635121818182E7
364 3.029194975331565E7
365 4.217183304057971E7
366 2.2808578250645995E7
367 3.2044289014527846E7
368 3.3771564340599455E7
369 3.838128997105263E7
370 3.552381188888889E7
371 5.532336234688347E7
372 3.862792642424242E7
373 2.7405784409921672E7
374 4.161442240406977E7
375 3.625735970670391E7
376 3.5185683901685394E7
377 4.1263563938375354E7
378 4.373025632673267E7
379 2.6378425934844192E7
380 4.397696330136986E7
381 3.6294661746031746E7
382 4.6853591929133855E7
383 4.4357700729411766E7
384 3.130266821264368E7
385 1.9959030113989636E7
386 3.634036437279597E7
387 5.676720090229885E7
388 2.5043263713896457E7
389 2.4844959151761517E7
390 4.151498887841945E7
391 2.569086023782235E7
392 4.5690305333333336E7
393 3.8372627734104045E7
394 2.6935737339522548E7
395 1.809779210626703E7
396 2.2912045424691357E7
397 2.997690386803519E7
398 3.724885686079545E7
399 3.448224847606383E7
400 2.4646612248648647E7
401 4.192679379521277E7
402 2.1074873298200514E7
403 3.6925100546632126E7
404 3.389682058404558E7
405 3.176860162315271E7
406 2.696692890625E7
407 1.7041539223404255E7
408 2.664656533164557E7
409 2.9847129527696792E7
410 4.060673359206799E7
411 3.943544194236311E7
412 2.89747644933687E7
413 3.0461444168E7
414 4.6857801802739725E7
415 4.125280931741573E7
416 3.6403643425876014E7
417 3.723030190625E7
418 3.68314314375E7
419 2.867673056E7
420 2.8434932751978893E7
421 3.35729387012987E7
422 2.9954199730555557E7
423 2.494028054232804E7
424 4.509564618863049E7
425 3.2084982203703705E7
426 4.0534475472527474E7
427 3.9778981283746555E7
428 3.1088926916666668E7
429 2.9694936871465296E7
430 4.60606915425E7
431 4.571927312462006E7
432 3.2383937763532765E7
433 5.068917220266667E7
434 4.397287745405406E7
435 4.013047362005277E7
436 2.5512769176623378E7
437 4.587403031842105E7
438 4.232903318852459E7
439 3.471179860686016E7
440 5.552541938992042E7
441 3.728916858900524E7
442 4.1998692675E7
443 3.1913849515706807E7
444 3.2382501587743733E7
445 3.919985928405797E7
446 3.410361836220472E7
447 3.7581594290140845E7
448 2.868313221994885E7
449 5.850845208982036E7
450 4.475369461002786E7
451 3.597885767929293E7
452 5.048465790340909E7
453 5.033948571722365E7
454 5.0453416901907355E7
455 3.1913532583333332E7
456 5.2970328450666666E7
457 2.299529238547486E7
458 5.169154181337047E7
459 3.50946796630137E7
460 4.701334491621622E7
461 2.3334679397790056E7
462 2.981035310761155E7
463 4.083061922192513E7
464 2.6005659900255755E7
465 4.047356321119593E7
466 5.151044640782123E7
467 5.2158401586592175E7
468 2.8822863811965812E7
469 3.902625098626374E7
470 3.7700827925729446E7
471 4.0391485972067036E7
472 3.515961531666667E7
473 4.6977181028653294E7
474 3.569337850308642E7
475 2.6851054431746032E7
476 3.749766748812665E7
477 3.794259529558011E7
478 4.062129967385445E7
479 3.093048851058201E7
480 3.08575913E7
481 2.8823803428169016E7
482 6.6945344168044075E7
483 5.743317181401617E7
484 4.340272673243243E7
485 4.4783444768421054E7
486 3.746912641954023E7
487 3.7766197700854704E7
488 2.9301708105691057E7
489 5.8435771875989445E7
490 4.0227168888594165E7
491 5.7090788252976194E7
492 2.1979490764367815E7
493 5.2627358234604105E7
494 3.1615993309711285E7
495 2.492778240793201E7
496 4.005674723888889E7
497 4.569999464266667E7
498 4.405087529521277E7
499 3.4620296313725494E7
500 4.752128537784091E7
501 4.2766480154727794E7
502 3.517210617250674E7
503 4.607346284375E7
504 3.7988612154047E7
505 7.182071748189415E7
506 3.038106497506925E7
507 5.770458304E7
508 3.2537022325779036E7
509 3.1376650165450122E7
510 4.832966408815427E7
511 4.013153351420455E7
512 6.024011898092643E7
513 3.4338688800578035E7
514 3.770322194708995E7
515 3.582497345217391E7
516 4.789718938650307E7
517 3.8995570515625E7
518 3.3496025015015014E7
519 3.3063853891687658E7
520 3.85145051769437E7
521 4.84710243125E7
522 4.927245824929972E7
523 4.061032753107344E7
524 3.054646611320755E7
525 5.6461586333333336E7
526 2.91063106167979E7
527 3.2032251867374007E7
528 4.094692105586592E7
529 6.009100060230547E7
530 3.606884531454006E7
531 4.700304176344086E7
532 5.8003851311053984E7
533 3.489623641803279E7
534 4.707488360110804E7
535 2.7755158272058822E7
536 2.603691316758242E7
537 2.7259251802030455E7
538 3.084264877813505E7
539 4.5960511049881235E7
540 2.3713807694444444E7
541 4.779903385164835E7
542 5.03530552393617E7
543 2.395265359025788E7
544 4.532563113772455E7
545 4.6807146803921565E7
546 6.856593789458689E7
547 5.613248557381616E7
548 4.892798953432836E7
549 4.20474430656168E7
550 5.858676264759036E7
551 2.6248499633608814E7
552 5.011909939650146E7
553 4.1718824279683374E7
554 4.227424650442478E7
555 4.459714548337596E7
556 6.0820307080213904E7
557 4.6439472626436785E7
558 3.4840675391184576E7
559 4.405224850833333E7
560 4.958899394878706E7
561 5.5594633286908075E7
562 4.720066703823529E7
563 4.313883650759879E7
564 4.225147853409091E7
565 3.587440150943396E7
566 6.750635971745153E7
567 4.226942321236559E7
568 5.582259082786885E7
569 3.582055708648649E7
570 5.859280979883382E7
571 4.174218978461538E7
572 3.865563385194805E7
573 5.02631574375E7
574 5.074660315706807E7
575 3.8040182176E7
576 4.934579199745547E7
577 2.328334397326203E7
578 4.842450079614325E7
579 4.930531256613757E7
580 4.271116463549161E7
581 6.299618840108401E7
582 5.201362848882682E7
583 3.804877835372341E7
584 3.0080672770666666E7
585 4.984818003598972E7
586 4.496422569142857E7
587 4.597343733933934E7
588 4.9223196956639566E7
589 5.681224575271739E7
590 4.8171909438547485E7
591 5.971117735969388E7
592 3.606707107692308E7
593 7.127935154987213E7
594 4.99860654028169E7
595 4.9070296698275864E7
596 5.617917033068783E7
597 4.276817371223021E7
598 6.365387219283747E7
599 4.4284688953125E7
600 3.1588747848314606E7
601 3.9058763216E7
602 4.285696869086021E7
603 6.797936433423913E7
604 4.171464708115942E7
605 6.236570534146342E7
606 4.656289081866667E7
607 5.6226182712041885E7
608 5.415372628453039E7
609 4.911310037784091E7
610 2.8957886042895444E7
611 2.597190007967033E7
612 5.1690014443113774E7
613 4.545266200813008E7
614 4.9428493494652405E7
615 5.955746415068493E7
616 6.584047701351351E7
617 3.301057298941799E7
618 8.248307544931507E7
619 4.413175376712329E7
620 4.886781906417112E7
621 5.4127854119791664E7
622 3.412014586513995E7
623 6.6695468505649716E7
624 5.7037695786127165E7
625 4.0801689046875E7
626 5.016666163265306E7
627 6.770120392084433E7
628 5.416626091489362E7
629 8.409363371965317E7
630 4.6046611882857144E7
631 5.33695560626703E7
632 4.142108557027027E7
633 5.4782847435967304E7
634 4.1994570220289856E7
635 6.371661070895522E7
636 5.4860687957983196E7
637 3.4592053365439095E7
638 6.019615772126437E7
639 5.2795450103151865E7
640 2.49968941530343E7
641 4.702840374789916E7
642 3.7352350666666664E7
643 4.0619608901907355E7
644 3.0255609552560646E7
645 3.602774672176308E7
646 3.971880516839378E7
647 6.962792947927462E7
648 6.520482332471264E7
649 3.6451708562005274E7
650 4.111770924725275E7
651 5.266953634328358E7
652 6.563441240974212E7
653 6.6342345324858755E7
654 4.482439954360465E7
655 5.592286039018088E7
656 6.000459793633952E7
657 3.6416478647398844E7
658 3.778153119452055E7
659 5.484192504218362E7
660 4.18775228365651E7
661 5.342790179310345E7
662 5.573561762565445E7
663 5.647157789367089E7
664 5.490467820111732E7
665 5.436387750923483E7
666 5.6141592283854164E7
667 3.571160574932615E7
668 4.013879910025707E7
669 5.972550619444445E7
670 7.925741455053191E7
671 4.210136309815951E7
672 5.307461856318682E7
673 4.493768415588235E7
674 4.963162413529412E7
675 3.86598364E7
676 4.92562918031496E7
677 3.07568885433526E7
678 6.541478264383562E7
679 4.4121635109947644E7
680 5.253046263565891E7
681 4.693985129708223E7
682 1.0885779119892474E8
683 5.208026133711048E7
684 6.848108058536585E7
685 5.676110518387909E7
686 4.93322664478022E7
687 5.420995647668394E7
688 4.414413236592179E7
689 5.329717747813411E7
690 3.568344157480315E7
691 7.057397047286822E7
692 6.0737770314136125E7
693 4.8249862309973046E7
694 6.142743712316716E7
695 4.1553209446428575E7
696 4.4554901473170735E7
697 4.855090590087464E7
698 5.650909780747127E7
699 6.520440004615384E7
700 4.379307167486339E7
701 5.498035679075426E7
702 3.9634632842892766E7
703 4.857370027322404E7
704 5.3160657888544895E7
705 8.160023959130435E7
706 5.536590309399478E7
707 3.706960966954023E7
708 3.159275814010989E7
709 5.939112802813299E7
710 4.966120996511628E7
711 6.382546388622755E7
712 3.2822939211267605E7
713 3.681487556077348E7
714 3.216511173756906E7
715 4.587525458378378E7
716 3.9923876857534245E7
717 5.5907786923287675E7
718 3.721527250943396E7
719 5.058990964893617E7
720 6.635029359466019E7
721 5.7893864565826334E7
722 7.2048154125E7
723 7.030559742821158E7
724 6.909946394385026E7
725 5.853261895290859E7
726 8.712884752316076E7
727 7.599145115512465E7
728 5.491655896009975E7
729 4.916796977445652E7
730 4.323255896626506E7
731 5.087647955555555E7
732 6.648811299226804E7
733 3.000179297905759E7
734 6.636516681420765E7
735 5.575646566052631E7
736 6.135269608465608E7
737 6.0501731692307696E7
738 4.984010496022727E7
739 5.787595147239264E7
740 9.645096364415585E7
741 6.942775675733334E7
742 6.0966024300835654E7
743 6.733630498250729E7
744 1.0585845973421052E8
745 4.293348255256065E7
746 6.459531142465753E7
747 7.19574375775076E7
748 6.947301960824743E7
749 5.728588751540616E7
750 5.559664362108262E7
751 6.45160115727003E7
752 6.3249761130548306E7
753 1.1849250081470588E8
754 6.127406704885057E7
755 3.592763392982456E7
756 4.046931016239316E7
757 4.188222527478754E7
758 6.087170917094017E7
759 3.879137623872679E7
760 5.476043527696793E7
761 4.335563685E7
762 9.57432526978852E7
763 8.19842000197183E7
764 3.897592896315789E7
765 5.604206745042493E7
766 5.159803757183908E7
767 8.989760583072917E7
768 1.1079015757471265E8
769 6.158099417837838E7
770 5.185849829069767E7
771 7.51149306025641E7
772 4.487037329380054E7
773 8.574718741867469E7
774 5.7487200768802226E7
775 6.037312743051771E7
776 5.883388384324324E7
777 6.183901267307692E7
778 8.467416727548209E7
779 5.332514346380697E7
780 5.0436531676217765E7
781 1.0038275972140762E8
782 6.282713351306413E7
783 5.790043450274725E7
784 5.518684099721448E7
785 3.9080467102902375E7
786 6.768306137278107E7
787 6.0021710231770836E7
788 7.832715005413106E7
789 8.296937885714285E7
790 1.0631083728715365E8
791 4.407100921144278E7
792 5.342989738659794E7
793 6.291603876086956E7
794 6.253223998378378E7
795 9.677351152380952E7
796 5.682353832371795E7
797 6.77140611871345E7
798 6.276474854691689E7
799 4.2571639178470254E7
800 1.0516495174123989E8
801 5.976910834772182E7
802 7.89520751313673E7
803 6.317153323834197E7
804 7.555412104046243E7
805 5.030154067460317E7
806 6.6150663689075634E7
807 4.8841566868715085E7
808 4.0293967048780486E7
809 7.050376294805194E7
810 6.4898008185676396E7
811 6.0579865605333336E7
812 1.1729932837365592E8
813 4.689537813927577E7
814 7.258031789256199E7
815 5.491302299147727E7
816 9.782385565151516E7
817 4.4540221446969695E7
818 5.503078470555556E7
819 4.691244031506849E7
820 1.0563323469139466E8
821 6.2590095111405835E7
822 6.044914051139241E7
823 9.913348212105264E7
824 9.449959426704545E7
825 7.498307527688172E7
826 4.0720558953929536E7
827 4.718651763243243E7
828 1.155463082638889E8
829 4.919928246131805E7
830 8.581682980225989E7
831 8.84760347164557E7
832 4.998311405289672E7
833 1.0726396492795388E8
834 7.805312290190735E7
835 1.1971206866573034E8
836 9.466212755084746E7
837 4.3718507122666664E7
838 7.839227166485013E7
839 6.870712113471502E7
840 7.80978870989011E7
841 1.1072788559779614E8
842 1.2094510308648649E8
843 5.561180903333333E7
844 3.94880726657754E7
845 6.433894855988858E7
846 5.7444219418282546E7
847 5.587047256318682E7
848 9.453328218994413E7
849 3.956822187790698E7
850 1.2782451585393259E8
851 5.372239799411765E7
852 5.6921298558974355E7
853 1.1035076625203252E8
854 7.165980768298969E7
855 1.1039779479255319E8
856 7.60310696627907E7
857 6.996023300864553E7
858 7.643231759279779E7
859 8.220495621578947E7
860 1.2239105125203252E8
861 1.0239186318348624E8
862 9.266933151242235E7
863 9.296435825936599E7
864 5.43168991E7
865 1.4141442641061452E8
866 6.154923677419355E7
867 7.476892855297157E7
868 6.3260019458762884E7
869 5.699745949210526E7
870 7.803195508607595E7
871 6.467756452727272E7
872 1.0718495241160221E8
873 3.877974592915531E7
874 1.0453387383976261E8
875 8.195759099433428E7
876 9.748109998618785E7
877 7.32088777925E7
878 6.009155893686869E7
879 5.885976357441253E7
880 4.9394563E7
881 9.846842382748538E7
882 1.0945665188365652E8
883 7.161897138309859E7
884 9.557979880104712E7
885 1.16841242288E8
886 2.269915094893617E8
887 6.506558095027624E7
888 8.183413805949008E7
889 1.159351233313783E8
890 1.1465768367868853E8
891 7.251024381843576E7
892 1.3249466905649717E8
893 7.830817758082192E7
894 5.4578840749253735E7
895 5.741105517231639E7
896 1.3290645391208792E8
897 7.469712216111112E7
898 4.6447521487804875E7
899 4.975865480681818E7
900 6.072074708877285E7
901 1.3020979645609066E8
902 6.0599996776041664E7
903 2.33584647007874E8
904 1.1260932132620321E8
905 6.597218275953079E7
906 1.2486840606020942E8
907 5.97907368315508E7
908 1.0971382455585831E8
909 7.429357306318681E7
910 1.4630277737198067E8
911 5.7353183635359116E7
912 7.392816257951483E7
913 6.728953445783132E7
914 6.031861628678304E7
915 1.2622369764766839E8
916 6.116132866201118E7
917 1.0602735254497355E8
918 9.992021007967032E7
919 9.350704895810056E7
920 5.914572027807487E7
921 9.5708618248E7
922 6.058859571348315E7
923 9.541760108115941E7
924 5.6397682181058496E7
925 1.373025554568528E8
926 1.2847460019786096E8
927 1.4700127928862974E8
928 5.5699718594315246E7
929 1.6379256025132275E8
930 9.29626563622449E7
931 6.858661438068181E7
932 6.1153927212707184E7
933 1.2352728501699717E8
934 6.845948094822888E7
935 6.327261256779661E7
936 1.2047366473913044E8
937 1.759079474888889E8
938 1.3173766999730459E8
939 9.102582486607143E7
940 6.3923087196078435E7
941 1.926473814570637E8
942 6.901557147593583E7
943 7.087195955696203E7
944 1.6509292366666666E8
945 9.589936892487046E7
946 5.157168817380352E7
947 7.05026895051282E7
948 2.1665506640425533E8
949 8.248989778016086E7
950 1.137295146991404E8
951 1.398642131810811E8
952 1.696725135655527E8
953 6.3323818230563E7
954 1.0234582292222223E8
955 7.801462953452685E7
956 1.1386306157920793E8
957 9.332671016034986E7
958 1.0045285714763232E8
959 1.379618699918919E8
960 1.6659196553276354E8
961 1.0776251915025906E8
962 1.2400915518276763E8
963 1.0905118592897727E8
964 5.905351908010336E7
965 9.609346211056511E7
966 8.89957966920981E7
967 1.1073413063380282E8
968 1.0129641216452442E8
969 1.028707881075E8
970 5.127637313180516E7
971 5.885450407277628E7
972 9.882181428169014E7
973 9.363557244383562E7
974 1.2494338624089636E8
975 9.69226482247191E7
976 2.1052800191830987E8
977 7.679026680726257E7
978 5.9535648991935484E7
979 1.9793603481976745E8
980 1.3220187885483871E8
981 1.3916187133512065E8
982 1.9658532884408602E8
983 1.5923025219836956E8
984 6.009606638502674E7
985 1.8039128741322315E8
986 8.314366191780822E7
987 3.0286587589166665E8
988 1.895019009857143E8
989 6.882409789736842E7
990 7.624552206459948E7
991 4.8606398643067844E7
992 1.1752108545288754E8
993 1.3236025244252874E8
994 9.865079778236915E7
995 7.262940741523342E7
996 8.023793442627347E7
997 5.7311382529891305E7
998 1.2375265353977273E8
999 6.24795122605042E7
