1 2150.005154639175
2 2215.118918918919
3 5520.807486631016
4 4749.152631578947
5 5471.116959064328
6 4824.1057692307695
7 5511.248447204969
8 9602.575757575758
9 4348.325892857143
10 6503.613333333334
11 5034.541237113402
12 9193.726368159205
13 7112.192513368984
14 8287.827777777778
15 4423.018433179724
16 4412.504545454545
17 10807.523364485982
18 6989.4973544973545
19 11727.652631578947
20 19652.6875
21 7919.648044692737
22 15954.229591836734
23 15441.60267857143
24 11412.270833333334
25 10983.348039215687
26 12307.280423280423
27 15797.51923076923
28 18142.594339622643
29 18659.24
30 26815.035897435897
31 24438.6563876652
32 14155.745098039215
33 22797.8064516129
34 18305.333333333332
35 14999.505154639175
36 23311.689119170984
37 13661.843137254902
38 33650.019900497515
39 17181.03846153846
40 29997.408866995072
41 17899.0
42 19886.2
43 16883.701357466063
44 13471.264150943396
45 31723.334951456312
46 33107.25221238938
47 32525.028985507248
48 30281.24175824176
49 25242.023474178404
50 36615.81081081081
51 26544.34299516908
52 18561.313725490196
53 20408.71359223301
54 34824.99
55 25399.86740331492
56 33722.72826086957
57 25999.03
58 24850.0351758794
59 15276.970588235294
60 31060.325471698114
61 42938.975
62 32805.3711790393
63 43348.700564971754
64 37815.69822485207
65 29946.277777777777
66 34466.52153110048
67 34281.70873786408
68 26955.73515981735
69 35849.95145631068
70 36528.71428571428
71 48579.10769230769
72 46353.82710280374
73 51980.49494949495
74 51511.255605381164
75 24042.94968553459
76 37321.24338624338
77 32505.838095238094
78 44050.419889502766
79 52057.348314606745
80 38920.48087431694
81 38188.03738317757
82 51136.60396039604
83 36755.901477832515
84 37824.131979695434
85 54286.10695187166
86 31988.478723404256
87 59726.02631578947
88 64655.4511627907
89 65302.435
90 35626.767857142855
91 45253.27807486631
92 40032.709497206706
93 35486.88425925926
94 52207.33908045977
95 40350.803827751195
96 46782.05405405405
97 33953.36312849162
98 61735.79262672811
99 74523.45933014354
100 41410.49756097561
101 46440.25688073395
102 35237.550802139034
103 39661.74
104 43618.28877005348
105 50493.542372881355
106 52603.01507537688
107 41123.36111111111
108 59087.245989304814
109 53959.78723404255
110 80210.57142857143
111 68816.38834951456
112 84381.78680203046
113 67174.74553571429
114 51883.57894736842
115 37327.528795811515
116 47204.02094240838
117 37587.80465116279
118 71674.59574468085
119 64996.033492822964
120 53724.05063291139
121 87879.2
122 85038.64102564103
123 83106.12315270936
124 54540.967741935485
125 63842.994897959186
126 76284.50236966825
127 72307.62631578947
128 54319.10582010582
129 66106.76608187135
130 66696.68316831683
131 49029.135869565216
132 70769.71226415095
133 86997.66310160428
134 97631.31578947368
135 79301.75661375662
136 74887.70048309179
137 53423.833333333336
138 74291.04210526316
139 55488.0505050505
140 55621.58571428571
141 90218.30331753555
142 70723.18834080717
143 89440.54237288136
144 64492.326203208555
145 70930.5527638191
146 49796.90404040404
147 89941.91111111111
148 67163.43406593407
149 73017.8944723618
150 70688.89054726368
151 53958.666666666664
152 87157.71144278607
153 51037.72727272727
154 70770.45412844037
155 42311.979166666664
156 76562.95360824742
157 83861.55376344085
158 70516.04545454546
159 86935.32835820895
160 70482.55263157895
161 88034.33170731708
162 67658.32558139534
163 93030.94444444444
164 68509.5635359116
165 119622.44318181818
166 69655.70098039215
167 96507.74874371859
168 82189.08585858585
169 82039.63963963964
170 103855.7514450867
171 125603.31351351351
172 72247.00523560209
173 105673.32489451476
174 107224.63235294117
175 83038.79891304347
176 98519.38764044944
177 125116.07575757576
178 82086.22388059701
179 77432.8956043956
180 90912.56807511736
181 101897.81621621622
182 89514.97905759163
183 114789.14903846153
184 133553.375
185 116754.34010152284
186 60851.15736040609
187 115913.0172413793
188 110377.10798122066
189 91269.17977528089
190 99981.82300884956
191 90254.69849246231
192 120123.9895287958
193 92937.36815920398
194 104262.42424242424
195 98948.88524590163
196 97055.83957219252
197 129166.26775956285
198 121587.25603864735
199 108704.27
200 84072.83009708738
201 142639.03431372548
202 91198.58723404256
203 83126.56157635468
204 108005.16346153847
205 90088.36464088398
206 141630.99462365592
207 79515.72321428571
208 144876.9871794872
209 116192.33862433862
210 116805.7281553398
211 147710.49214659687
212 151612.17889908256
213 127334.28632478633
214 85649.71232876713
215 85363.77777777778
216 128564.98206278027
217 96202.81025641026
218 107140.69230769231
219 112873.77659574468
220 103781.97619047618
221 122006.735
222 131527.4375
223 160007.9896373057
224 122479.1
225 81700.3686868687
226 146780.4854368932
227 109167.07211538461
228 139467.40462427746
229 121094.72916666667
230 122038.51075268818
231 136094.36216216217
232 139444.3418367347
233 167842.015625
234 98041.55555555556
235 110865.52307692308
236 115053.37980769231
237 155245.92039800994
238 164683.5931372549
239 103824.63861386139
240 116134.27102803739
241 125385.20192307692
242 148274.98550724637
243 141461.82142857142
244 186056.42631578946
245 142122.6580310881
246 102707.04830917875
247 152094.44919786096
248 137449.74146341463
249 147322.15183246075
250 115654.93564356436
251 137936.77108433735
252 97001.3112244898
253 151928.3961352657
254 125771.8024691358
255 140255.77981651376
256 112067.68159203981
257 114596.125
258 130351.26020408163
259 105494.04651162791
260 163459.0351758794
261 161271.38888888888
262 156215.4362745098
263 156865.94570135747
264 161126.10270270272
265 110757.66842105263
266 139584.7474226804
267 158401.51834862385
268 135154.72300469482
269 176340.23222748816
270 173950.41666666666
271 200580.75647668395
272 170924.8396226415
273 173982.6683168317
274 140520.0806451613
275 159684.365
276 154112.0046728972
277 162103.97737556562
278 152979.74033149172
279 151053.5300546448
280 124446.055
281 207704.93684210526
282 123346.76
283 192215.06341463415
284 125748.34536082474
285 104489.86338797814
286 184405.0091324201
287 180345.07936507938
288 214497.55208333334
289 164846.98571428572
290 145730.23474178405
291 136847.79255319148
292 129535.98529411765
293 196816.67045454544
294 182178.84736842106
295 141843.41626794258
296 172205.35483870967
297 186656.47647058824
298 198806.125748503
299 153795.53608247422
300 203483.24365482235
301 192735.4923857868
302 143115.04255319148
303 172026.5189189189
304 142155.3469387755
305 192113.6
306 180772.45762711865
307 169290.99551569507
308 175457.1717171717
309 188657.21904761906
310 131240.97435897434
311 140933.61139896372
312 144322.13080168777
313 220070.1554404145
314 251279.76777251184
315 207830.3230769231
316 159528.9563106796
317 168189.77674418603
318 180656.32795698923
319 176233.9054726368
320 196635.35638297873
321 205292.65979381444
322 192821.0595744681
323 207363.35265700484
324 198062.3
325 133367.1798941799
326 171573.91666666666
327 162921.445
328 156811.98591549296
329 247286.97959183675
330 182822.92376681615
331 133869.17142857143
332 191649.41116751268
333 205505.5845410628
334 113044.54716981133
335 195736.20465116279
336 203591.59302325582
337 182773.0
338 247386.03846153847
339 171240.7340425532
340 192130.51704545456
341 203320.41666666666
342 283866.896373057
343 240223.16582914573
344 192469.56666666668
345 258765.3435897436
346 274938.855
347 165558.03255813953
348 227123.39790575916
349 238714.32535885167
350 228767.3556701031
351 209229.5431472081
352 155654.79081632654
353 229028.34031413612
354 186969.94811320756
355 182757.22680412373
356 250584.76363636364
357 233125.66666666666
358 304541.9282511211
359 243161.21649484537
360 254538.15151515152
361 182606.19545454546
362 191328.29955947137
363 215997.13440860214
364 243659.765625
365 247419.41326530612
366 218512.64150943398
367 245065.3387978142
368 199267.18357487922
369 205286.03755868544
370 245157.3
371 210398.68
372 347375.421875
373 190821.34905660377
374 214168.66129032258
375 317093.6875
376 286544.0852017937
377 241631.91414141413
378 278223.93617021275
379 195321.4810810811
380 228143.59113300493
381 266069.78974358976
382 307619.5069124424
383 288417.29
384 228615.87179487178
385 269157.6666666667
386 187337.98924731184
387 223198.97641509434
388 238850.65027322405
389 302818.4521276596
390 239280.94527363183
391 220940.52709359606
392 211679.35789473684
393 326684.5833333333
394 342774.3878504673
395 170630.04123711342
396 260805.47826086957
397 340634.8153846154
398 228403.45731707316
399 256728.49726775955
400 283763.56937799044
401 215125.99024390243
402 316955.47524752474
403 240255.24137931035
404 330439.2429378531
405 252584.43781094527
406 256628.17112299465
407 256424.83732057415
408 246474.1322751323
409 237642.818627451
410 263566.6963350785
411 295028.9485714286
412 309862.6467889908
413 318410.88205128204
414 321742.03225806454
415 272396.62211981567
416 251437.83695652173
417 239402.86387434555
418 291515.02898550726
419 293994.0378378378
420 277766.10454545455
421 236181.4495412844
422 280756.9716981132
423 245557.27536231885
424 260694.8445595855
425 280662.12272727274
426 230767.19298245615
427 225492.94086021505
428 260212.07522123895
429 258444.03783783785
430 347683.8780487805
431 253965.76744186046
432 252827.4642857143
433 281764.9253731343
434 289018.315
435 284035.0882352941
436 239601.16267942585
437 310097.9906976744
438 293053.7880434783
439 244623.37566137567
440 224684.0
441 242400.75824175825
442 250153.82914572864
443 365385.1225490196
444 246996.3387978142
445 312240.00975609757
446 241859.82843137256
447 274844.0612244898
448 275881.04060913704
449 272436.74528301886
450 379989.86934673367
451 321832.3691588785
452 290515.34426229505
453 316719.17307692306
454 317147.2741116751
455 339775.56315789477
456 277014.59624413145
457 358024.83419689117
458 330142.8407960199
459 302614.5198019802
460 223867.5849056604
461 323701.165
462 359457.125
463 301777.0
464 273173.91891891893
465 314687.3149171271
466 336158.5118483412
467 317293.81516587676
468 322576.41333333333
469 303985.48756218905
470 342872.347826087
471 236510.171875
472 325732.7944444445
473 349113.7952380952
474 259138.9705882353
475 377934.61904761905
476 305817.5543478261
477 273605.1846846847
478 346734.9270386266
479 355521.2487046632
480 296918.912568306
481 307477.5252525252
482 316538.3956043956
483 303115.6651785714
484 367084.4639175258
485 292622.5806451613
486 293009.6850828729
487 346457.3216080402
488 344561.655
489 389169.8348623853
490 393527.6157635468
491 332651.66502463055
492 371711.3649289099
493 276752.2871794872
494 289271.44976076554
495 316165.01069518714
496 258933.5
497 313417.3448275862
498 348707.32972972974
499 351354.2797927461
500 369389.5202020202
501 388081.6751269036
502 348626.6153846154
503 284332.4187192118
504 316794.11173184356
505 422396.77987421385
506 276892.20245398773
507 363406.6345177665
508 351251.4976076555
509 352495.8177083333
510 350364.9336283186
511 378170.25373134325
512 315332.84403669724
513 341540.3526315789
514 280611.92727272725
515 247962.33529411766
516 328280.64351851854
517 311202.6804123711
518 381862.5048543689
519 347402.0886699507
520 336154.64864864864
521 391115.5336787565
522 327992.0153061224
523 331534.5268292683
524 336609.41584158415
525 379179.365
526 450234.69035532995
527 379129.7836538461
528 359207.8358208955
529 429068.6731707317
530 436894.59550561797
531 428758.27638190956
532 343759.2433628319
533 309873.10638297873
534 411011.1301775148
535 392940.8245614035
536 422854.39523809525
537 411805.3314606742
538 439170.27363184077
539 361100.45408163266
540 368925.1574074074
541 367493.07368421054
542 350198.89756097563
543 376685.47524752474
544 323529.8387096774
545 309510.4352331606
546 372624.4455958549
547 485483.7010309278
548 360513.2757009346
549 343525.27624309395
550 390901.54347826086
551 417965.11734693876
552 380010.7962085308
553 448050.5925925926
554 492760.08095238096
555 419450.36363636365
556 473486.55154639174
557 422395.5879396985
558 397107.5706521739
559 415074.688172043
560 493588.0869565217
561 422919.43961352657
562 351837.825
563 459548.3448275862
564 415649.56097560975
565 462303.72093023255
566 443386.2864864865
567 353328.5594059406
568 392866.86995515693
569 393528.9214659686
570 408669.54285714286
571 439985.93854748603
572 473866.32994923857
573 373147.51851851854
574 518805.17346938775
575 367479.0773480663
576 350428.3439153439
577 439008.5934065934
578 461266.73195876286
579 480506.7129186603
580 346625.22580645164
581 499607.7961165049
582 408472.0540540541
583 359322.15346534655
584 486667.96618357487
585 511713.45
586 393196.56585365854
587 423937.4770114943
588 433713.0990566038
589 368228.6565656566
590 517487.9945652174
591 424471.57819905214
592 462462.77714285714
593 434108.9954545455
594 402624.6103286385
595 488619.3523316062
596 510260.4663212435
597 442509.6682926829
598 387494.47290640394
599 380869.5351351351
600 389588.6633663366
601 512738.8947368421
602 481457.3692307692
603 370712.73575129535
604 429166.1798941799
605 495732.34433962265
606 401058.19523809524
607 371854.70098039217
608 419169.7431693989
609 517019.711627907
610 402544.3404255319
611 578972.9757281553
612 409069.5976331361
613 376460.7747747748
614 442551.7826086957
615 474518.1458333333
616 481104.6
617 527351.9308510638
618 533785.1038251367
619 440321.1666666667
620 391528.51813471504
621 461997.1476190476
622 525209.7156398104
623 446275.31395348837
624 432111.3024390244
625 582027.966507177
626 432361.0622009569
627 487938.36269430054
628 522353.90452261304
629 510826.4484304933
630 417259.7203791469
631 517218.6197916667
632 497492.72081218276
633 466764.6682242991
634 465746.3072916667
635 420348.3505154639
636 490525.40196078434
637 392147.58293838863
638 500410.7558685446
639 555566.4086538461
640 486231.3054187192
641 477648.9303482587
642 529752.7724867725
643 483209.27555555553
644 539708.5
645 600124.6018518518
646 382179.95287958113
647 513917.2953586498
648 648308.6467661691
649 475569.7087378641
650 580006.7874396135
651 562869.5990338164
652 549460.9201877934
653 526726.45
654 499602.81720430107
655 512015.6376811594
656 662868.8153153153
657 434375.387755102
658 486899.09550561797
659 501959.9345794392
660 439079.777173913
661 444328.777173913
662 619584.1330275229
663 484839.89903846156
664 456045.8532110092
665 518188.61616161617
666 557075.8446601941
667 529541.8009478673
668 502247.70408163266
669 577284.1720930233
670 484857.2926829268
671 668398.1681818182
672 484889.7611111111
673 433196.2994652406
674 579990.8281938327
675 559675.6849315069
676 718884.3804878049
677 529867.9707317073
678 446758.2396313364
679 550360.690821256
680 549493.5357142857
681 519600.010989011
682 453067.4861878453
683 431108.11881188117
684 498783.5879120879
685 605915.7695852534
686 442953.85863874346
687 568596.3879781421
688 493484.83980582526
689 412195.70443349757
690 420599.0637254902
691 637361.7183098592
692 519211.441314554
693 528661.6972972973
694 524577.0909090909
695 720549.2371134021
696 552242.7788461539
697 585777.5025125628
698 465800.32857142854
699 637043.6206896552
700 598068.5947368421
701 515911.65178571426
702 449606.49275362317
703 691351.4663212436
704 544322.4545454546
705 514782.5544041451
706 514948.811827957
707 465456.40579710144
708 659378.1135135135
709 739340.8726415094
710 433905.49019607843
711 649593.2102803738
712 621775.4449541285
713 494633.579787234
714 647100.3510638297
715 549395.6027397261
716 506862.54644808744
717 537078.8804347826
718 578318.815
719 470470.7755102041
720 550292.9886363636
721 573217.7990196078
722 642151.3776595745
723 602473.0324324324
724 589883.1863636364
725 570401.8469387755
726 551778.301980198
727 641089.0552486188
728 662169.8267326732
729 544346.9701492537
730 667439.2150537635
731 623620.0287356322
732 667098.8309859155
733 734889.5
734 644401.3387096775
735 554343.725
736 670784.4848484849
737 599825.5742574257
738 619152.703125
739 593840.1292134832
740 651976.409574468
741 567808.8857142857
742 548253.2538860104
743 975320.9677419355
744 562297.3526570048
745 664131.4466019417
746 500066.1117021277
747 524728.5303867403
748 606933.6572769952
749 642717.763546798
750 716157.3966480447
751 725803.585
752 556813.156097561
753 527630.2893401015
754 530801.0
755 598949.9611111111
756 648848.5209302326
757 634945.549222798
758 486146.88383838383
759 627088.0806451613
760 669567.234741784
761 533287.818627451
762 684767.5734597156
763 640089.6752577319
764 746175.1813471502
765 554290.7258883249
766 568121.0765306122
767 534878.6785714285
768 632941.1477832512
769 588974.7236180905
770 754045.3141361256
771 603267.8792270531
772 586127.8666666667
773 602315.7333333333
774 587968.3383838384
775 739224.9365079365
776 606089.3807106599
777 706526.5577889447
778 566575.2636815921
779 557187.5101010101
780 657318.2328767123
781 684499.5666666667
782 572041.043062201
783 603210.7204301076
784 660589.335
785 614127.7043010753
786 658900.6444444444
787 606117.4298642534
788 942340.2283105023
789 529386.2590673575
790 666229.25
791 602082.8
792 737815.7083333334
793 601167.2763819095
794 805713.4077669902
795 799291.9596412556
796 665772.7476635514
797 660560.6329787234
798 621238.6470588235
799 619599.825136612
800 960652.9951923077
801 603614.4009661836
802 643967.7333333333
803 735483.7853403141
804 700120.0288461539
805 661382.1778846154
806 624990.7614213198
807 945043.5721153846
808 589736.6556603773
809 693482.3921568628
810 669786.9075144508
811 576400.3431372549
812 633097.4600938967
813 752517.8201058201
814 704480.9489795918
815 622267.6875
816 730806.7802197802
817 652706.3948717949
818 721288.8238341969
819 554653.3353293414
820 862005.2984293194
821 673481.2488479263
822 694980.972972973
823 799073.4129353234
824 662346.1256544503
825 545709.9174757282
826 776308.9894736842
827 698740.703517588
828 735314.2067307692
829 611955.2864583334
830 918593.7902439025
831 774027.2
832 1102830.3636363635
833 687662.4587155964
834 822380.3636363636
835 809712.6666666666
836 620279.0879120879
837 591846.57
838 864467.2575757576
839 748212.538071066
840 622699.2741116751
841 786375.1966292135
842 756633.8994708995
843 929841.1831683168
844 695288.6348314607
845 760041.4226804124
846 1256358.3826530613
847 964636.1502590673
848 924225.8656716418
849 840204.6702127659
850 660662.1813471502
851 756888.6464088397
852 630805.54
853 687050.3412322275
854 641631.3821989528
855 722677.1030927835
856 922114.5423728813
857 665871.0512820513
858 776825.9166666666
859 804425.1553398059
860 781378.3438914027
861 879610.546728972
862 757829.3761061947
863 810947.8277777778
864 1107783.6815642458
865 820171.6854460094
866 570968.6839622641
867 1025213.5404040404
868 926342.8048780488
869 895527.6153846154
870 917295.2669683258
871 1281303.2440191389
872 679648.9383886256
873 902164.1165048544
874 730387.5982905983
875 1936174.7943925234
876 890982.5234042553
877 813476.4434782609
878 726787.7540106951
879 930026.4623115578
880 984080.9141414141
881 842408.2222222222
882 745367.4111675126
883 764480.918367347
884 741917.8934010152
885 1088850.4345549739
886 778586.08040201
887 773957.0353982301
888 605088.7512953368
889 620713.25
890 763696.0181818182
891 737787.7853107344
892 810086.4108108109
893 1052896.380952381
894 1003721.3917525773
895 797234.9254658385
896 1562607.616580311
897 704255.5074626865
898 688317.6327433628
899 773016.9157894737
900 706207.896373057
901 713055.5619047619
902 1564109.570093458
903 791299.085
904 934007.0495049505
905 1434527.3454545455
906 597160.1531100478
907 2544843.005
908 1125716.2870813396
909 955418.5467980296
910 1086848.4947916667
911 1002394.824120603
912 931816.8076923077
913 590381.1301775147
914 1457492.152542373
915 785746.676056338
916 659367.1650943396
917 1193572.2401960783
918 1719813.5647668394
919 680960.6038647343
920 1332951.835978836
921 1032719.094972067
922 764152.1866028708
923 1014852.908045977
924 925906.0147783251
925 755975.1067961165
926 867385.9521531101
927 919935.8578680203
928 2000532.3990384615
929 760993.0452261306
930 713800.7438423645
931 884403.0436893204
932 709588.2896174863
933 799414.4342105263
934 970856.7527472527
935 1220383.5879396985
936 1943860.841025641
937 1301630.3385416667
938 844415.3870967742
939 711841.5367231638
940 1471696.932642487
941 829289.5047619047
942 1099161.3333333333
943 753582.465
944 777188.8011049724
945 824886.2406417113
946 933966.7988826815
947 1144972.0986547086
948 2397278.8061224488
949 789317.8755760369
950 5604033.216748768
951 856956.7222222222
952 714461.55
953 1748406.0740740742
954 939124.0471204189
955 3595174.28
956 918498.578125
957 1900440.6631016042
958 740678.3370786516
959 857823.7684729064
960 990376.4393939395
961 735726.368159204
962 1380568.7569060773
963 769762.4510869565
964 1157723.4646464647
965 1424955.2307692308
966 948728.7028301887
967 5197552.46969697
968 2482870.962566845
969 852093.5619047619
970 724379.5701357466
971 4862665.276041667
972 899535.4460784313
973 2423308.6145833335
974 2955027.38547486
975 4003508.17989418
976 2116564.28
977 1.4617807712041885E7
978 1142798.6197916667
979 774283.8203592814
980 5370933.059139785
981 1657076.7272727273
982 6.106367748888889E7
983 1745210.8962264152
984 1238719.5378151261
985 815603.5906976744
986 3227980.9014778323
987 1.5618492745283019E7
988 684305.5505050505
989 3060050.747706422
990 1149767.6195121952
991 1877954.0403587443
992 1526294.9047619049
993 710971.3461538461
994 2413017.9852216747
995 8.879817259701492E7
996 2920322.9360465114
997 1.6351967647619048E7
998 3421496.6358695654
999 2.7309674607655503E7
