1 2489.108695652174
2 2688.6631578947367
3 2637.0833333333335
4 2635.6075949367087
5 2651.1176470588234
6 2663.411111111111
7 10307.763157894737
8 2573.987012987013
9 13151.302631578947
10 18505.468085106382
11 7862.8125
12 2555.5384615384614
13 7241.24
14 2653.525641025641
15 2647.395061728395
16 13709.204545454546
17 2605.9189189189187
18 8080.962962962963
19 14961.848101265823
20 2663.063829787234
21 17689.465909090908
22 7567.142857142857
23 16948.082474226805
24 8792.984375
25 15534.09090909091
26 8140.56
27 2565.469387755102
28 16627.155555555557
29 26923.76
30 33446.28358208955
31 2580.342857142857
32 7906.265822784811
33 23384.315217391304
34 17614.154929577464
35 19105.48148148148
36 9721.305555555555
37 8052.155555555555
38 17568.846153846152
39 16574.671641791047
40 15924.447368421053
41 24274.430555555555
42 18845.91919191919
43 21774.72602739726
44 2552.75
45 20952.324675324675
46 19743.74074074074
47 33109.58426966292
48 46116.36708860759
49 41589.87628865979
50 29744.91891891892
51 20838.698630136987
52 28301.89898989899
53 21453.68817204301
54 18249.898876404495
55 8818.67441860465
56 2574.3333333333335
57 15097.235294117647
58 20692.9012345679
59 29868.178571428572
60 14009.69411764706
61 25990.76
62 52782.59523809524
63 30784.861386138615
64 18099.43956043956
65 34457.31578947369
66 16901.95535714286
67 20742.025
68 35696.07526881721
69 7997.040540540541
70 46495.75714285715
71 39059.22891566265
72 15508.434210526315
73 29004.305555555555
74 23925.681159420288
75 43286.27380952381
76 26682.44578313253
77 36638.03658536585
78 26809.4578313253
79 34365.17333333333
80 38471.65957446808
81 14995.04
82 33821.41558441558
83 20075.064220183485
84 55668.29761904762
85 32933.8
86 22194.263157894737
87 69980.44578313253
88 49341.53191489362
89 54685.51898734177
90 37237.030303030304
91 50385.32584269663
92 26932.494505494506
93 31664.916666666668
94 11989.282608695652
95 18880.166666666668
96 46976.12643678161
97 23180.478260869564
98 58381.11956521739
99 31036.40404040404
100 34344.916666666664
101 22602.0
102 32178.746987951807
103 44539.07042253521
104 13207.463157894737
105 47867.230769230766
106 36959.07407407407
107 25604.721518987342
108 43638.50537634409
109 20906.04
110 23627.204301075268
111 27657.733333333334
112 31928.79746835443
113 39695.532608695656
114 15173.407894736842
115 33054.8875
116 52444.7323943662
117 23844.858974358973
118 37107.315217391304
119 43266.47252747253
120 53865.30588235294
121 33742.71604938272
122 32064.719101123595
123 52889.16842105263
124 45484.10112359551
125 28614.52857142857
126 50714.0
127 61717.05405405405
128 63058.807692307695
129 56332.63333333333
130 59115.77333333333
131 44660.15254237288
132 85207.80898876404
133 71027.74157303371
134 36760.57142857143
135 51152.02898550725
136 61409.22535211268
137 56063.78082191781
138 35227.27848101266
139 60828.489130434784
140 81137.39024390244
141 66242.28048780488
142 58021.243589743586
143 51927.987341772154
144 65485.24657534246
145 34574.96341463415
146 48104.13483146067
147 34762.53846153846
148 51363.41860465116
149 63167.36363636364
150 68597.53846153847
151 48195.15476190476
152 45250.873417721516
153 38890.91954022989
154 112348.35064935064
155 40017.964705882354
156 68166.48913043478
157 33479.33802816901
158 70910.23611111111
159 80296.25
160 70700.85263157895
161 94432.23880597015
162 66802.23595505618
163 85383.38636363637
164 90787.66292134831
165 44292.28571428572
166 79910.0
167 83750.19767441861
168 72284.29885057472
169 28062.64864864865
170 68568.81
171 67950.55
172 60436.48051948052
173 89944.01136363637
174 77496.92857142857
175 79943.21111111112
176 39846.96153846154
177 75398.54285714286
178 69406.32142857143
179 75533.92708333333
180 40298.89024390244
181 94576.35555555555
182 47409.5
183 52630.0
184 63365.94382022472
185 85791.23076923077
186 73173.71428571429
187 61139.035294117646
188 67719.38271604938
189 59145.42028985507
190 71738.8313253012
191 95510.7816091954
192 55620.45
193 92188.17977528089
194 38428.28155339806
195 70922.03278688525
196 48007.51219512195
197 96033.81176470588
198 76864.78260869565
199 62030.18085106383
200 86553.98837209302
201 85457.08333333333
202 71858.875
203 84733.68235294118
204 60531.958333333336
205 106433.73417721518
206 47762.859154929574
207 58656.45205479452
208 90144.75675675676
209 70380.0
210 48337.927710843374
211 69381.4328358209
212 61073.014925373136
213 101047.0989010989
214 55273.0375
215 114259.325
216 54366.8
217 123872.56043956045
218 71270.825
219 115088.17391304347
220 70622.02597402598
221 61302.857142857145
222 76275.88235294117
223 86534.23711340207
224 93530.0
225 115155.41666666667
226 87414.30434782608
227 88949.81690140846
228 90315.89772727272
229 142193.7
230 107948.7816091954
231 98462.68468468469
232 102962.16455696203
233 94172.6380952381
234 81126.98648648648
235 77852.30882352941
236 71221.21348314607
237 58036.38043478261
238 97049.16129032258
239 91747.94318181818
240 117005.2125
241 121747.80281690141
242 91732.57894736843
243 97533.98795180723
244 103096.07246376811
245 77918.42857142857
246 96216.09803921569
247 100653.19767441861
248 105226.3950617284
249 85703.42857142857
250 98241.55056179775
251 110371.65333333334
252 132272.07594936708
253 81550.08235294117
254 89417.67777777778
255 75902.77631578948
256 87075.52873563218
257 74007.78571428571
258 123485.78823529412
259 128299.85542168675
260 91142.51219512195
261 82566.77777777778
262 92637.26086956522
263 82551.2891566265
264 106237.66666666667
265 45435.055555555555
266 97654.09090909091
267 125544.21978021978
268 95614.91666666667
269 152655.43902439025
270 98552.06410256411
271 77437.02816901408
272 66606.7564102564
273 77876.37837837837
274 121344.07692307692
275 86953.97777777778
276 103723.44705882353
277 112100.6626506024
278 130805.0375
279 73921.0
280 85904.37634408602
281 184368.7011494253
282 80217.20930232559
283 93381.98809523809
284 77404.39285714286
285 113427.03846153847
286 97457.01176470588
287 76838.125
288 80909.33720930232
289 91735.40789473684
290 96151.81395348837
291 95071.39325842696
292 96612.61797752809
293 96049.73809523809
294 120550.80434782608
295 145098.9120879121
296 116454.04705882353
297 73721.79569892473
298 86077.5
299 104533.08988764045
300 106994.93548387097
301 74025.97590361445
302 70961.21176470588
303 110534.76190476191
304 108039.63333333333
305 111311.43661971831
306 122805.82978723405
307 121033.425
308 90401.13333333333
309 137533.55714285714
310 85435.14634146342
311 157105.22077922078
312 120821.71111111112
313 144896.65384615384
314 85034.13636363637
315 99576.41558441559
316 92232.08045977012
317 105161.02272727272
318 126788.97183098592
319 120288.04081632652
320 103517.0
321 104487.39361702128
322 155219.02380952382
323 138017.72164948453
324 167275.3768115942
325 126932.0
326 90729.58823529411
327 149278.19277108434
328 71809.91208791209
329 125073.88888888889
330 131214.82558139536
331 113565.01176470588
332 143151.44578313254
333 152767.9295774648
334 119171.46753246753
335 158924.175
336 137518.27777777778
337 125363.38636363637
338 97856.35789473684
339 110922.42045454546
340 200943.57291666666
341 164218.2159090909
342 153894.41428571427
343 110874.87912087912
344 177099.25925925927
345 142270.5909090909
346 152614.09638554216
347 166752.95238095237
348 158579.19191919192
349 130005.54545454546
350 132575.24
351 132870.21978021978
352 86517.01351351352
353 84782.33333333333
354 141123.0375
355 104987.1052631579
356 132509.4
357 170815.76388888888
358 174077.1948051948
359 102093.36363636363
360 178639.45569620252
361 168780.41176470587
362 151371.80722891566
363 125642.16129032258
364 154842.95454545456
365 130374.796875
366 179735.6923076923
367 137420.32941176472
368 103565.25882352941
369 126335.45333333334
370 113561.0752688172
371 133012.3563218391
372 177912.07594936708
373 103963.05194805194
374 117505.02247191011
375 141342.5842696629
376 132560.47872340426
377 148070.55405405405
378 130609.40217391304
379 124669.68965517242
380 122735.0
381 100895.20253164557
382 161862.4157303371
383 115806.96
384 128305.46835443038
385 148668.51898734178
386 130242.40298507463
387 161098.28048780488
388 116698.5411764706
389 176298.97872340426
390 130197.90123456791
391 143706.6052631579
392 165400.0357142857
393 169020.32926829267
394 218742.89705882352
395 124497.67164179105
396 158351.44186046513
397 159201.2705882353
398 190215.0
399 171842.59722222222
400 158355.42857142858
401 166785.16483516485
402 162315.07291666666
403 150612.12903225806
404 154871.05747126436
405 187391.15
406 131603.9
407 124838.35616438356
408 219080.66315789474
409 155921.6888888889
410 133670.28169014084
411 162029.95238095237
412 107195.60655737705
413 133525.1797752809
414 178064.0128205128
415 155783.63529411764
416 186512.8409090909
417 142488.91
418 184643.98850574714
419 168396.1690140845
420 178143.47872340426
421 177667.65384615384
422 138674.08333333334
423 140749.34939759035
424 201121.55952380953
425 130266.30487804877
426 159061.62820512822
427 195864.48780487804
428 148982.15625
429 167320.89523809523
430 138542.94680851063
431 143055.13541666666
432 139008.60465116278
433 193069.64044943822
434 187159.30555555556
435 131399.23611111112
436 128567.17204301075
437 263289.52475247526
438 165887.90588235293
439 166157.68604651163
440 205393.5172413793
441 175533.4
442 210036.31506849316
443 198360.66666666666
444 169507.41176470587
445 175078.14285714287
446 129710.35632183908
447 181484.11764705883
448 158704.7014925373
449 219571.9358974359
450 175608.37179487178
451 176506.74025974027
452 179161.22727272726
453 326823.04285714286
454 199614.84210526315
455 153684.51111111112
456 145504.22535211267
457 188848.77777777778
458 160269.92307692306
459 249807.03488372092
460 218262.2435897436
461 203535.68235294116
462 211585.72916666666
463 210851.14705882352
464 166089.57303370786
465 173678.29333333333
466 182940.6551724138
467 192494.40206185568
468 168563.23076923078
469 181628.68674698795
470 160371.5157894737
471 193498.64788732395
472 172583.32222222222
473 185397.5119047619
474 148620.54117647058
475 139634.65555555557
476 160511.7972972973
477 181688.27272727274
478 182751.52631578947
479 173746.6436781609
480 176989.07865168538
481 194817.2530120482
482 195456.28421052633
483 217694.04444444444
484 147915.6888888889
485 215879.9125
486 228119.69047619047
487 211590.61971830987
488 200088.9294117647
489 196333.27272727274
490 236091.1724137931
491 195379.0465116279
492 190747.6625
493 205007.48484848486
494 205863.75609756098
495 150990.97647058824
496 209623.2142857143
497 162784.92771084336
498 154964.11009174312
499 206241.35820895524
500 162159.9247311828
501 219221.2619047619
502 159520.05633802817
503 163811.7659574468
504 195398.29761904763
505 167709.53658536586
506 119700.03614457832
507 207708.05813953487
508 138827.10975609755
509 186909.04444444444
510 170792.90588235293
511 224576.7415730337
512 180176.10869565216
513 208370.0447761194
514 166021.6966292135
515 208697.7125
516 188499.27631578947
517 224982.75
518 166045.06382978722
519 201213.68656716417
520 201086.8409090909
521 191992.97872340426
522 146335.76086956522
523 199230.54166666666
524 401630.27160493826
525 220527.55294117646
526 173076.60240963855
527 256725.84782608695
528 157880.37313432837
529 155591.98795180724
530 261529.86904761905
531 250205.27906976745
532 158941.80952380953
533 133387.66666666666
534 171219.8144329897
535 225679.96666666667
536 209044.7469879518
537 251960.59770114944
538 207481.04545454544
539 185708.16129032258
540 139952.84782608695
541 169622.75308641975
542 199562.91666666666
543 160073.8904109589
544 217122.82222222222
545 247734.50574712644
546 201942.77464788733
547 438687.76
548 220897.46739130435
549 216651.43243243243
550 213385.39759036145
551 210204.61956521738
552 201622.5061728395
553 167353.8
554 314434.72222222225
555 223072.90361445784
556 226701.4193548387
557 189796.7
558 203762.75824175825
559 227441.41025641025
560 310066.9135802469
561 223157.58620689655
562 251798.58333333334
563 195801.77
564 194580.21875
565 239435.30487804877
566 277791.032967033
567 195328.48314606742
568 204379.5760869565
569 183946.31343283583
570 196035.14285714287
571 298358.2
572 222819.7951807229
573 204180.76404494382
574 229519.65432098764
575 226604.45714285714
576 270442.0
577 283889.375
578 325606.48780487804
579 286868.0
580 227190.04395604396
581 198374.14117647058
582 212820.42682926828
583 247725.93421052632
584 164695.51470588235
585 218246.92156862744
586 276722.96875
587 246818.24657534246
588 277307.5569620253
589 204867.14102564103
590 252158.91304347827
591 181931.82352941178
592 240189.10869565216
593 415186.75
594 237256.89534883722
595 237935.89393939395
596 176786.1052631579
597 181083.0634920635
598 180919.55128205128
599 193747.47252747254
600 208847.1182795699
601 266910.0131578947
602 222702.05405405405
603 211054.17045454544
604 228855.0394736842
605 184892.05
606 237414.4054054054
607 238779.56818181818
608 219386.2394366197
609 184419.48113207548
610 281723.22222222225
611 221533.29787234042
612 200269.8780487805
613 278609.9479166667
614 177278.6701030928
615 183365.03191489363
616 235001.97368421053
617 198597.7857142857
618 229375.42696629214
619 208392.57894736843
620 247746.82926829267
621 253357.37634408602
622 378446.0
623 243619.8686868687
624 269304.4404761905
625 259941.51136363635
626 241301.33766233767
627 540227.0266666666
628 387392.77647058823
629 224956.19277108434
630 243147.33333333334
631 305410.4383561644
632 387688.7375
633 208931.40229885056
634 331036.3048780488
635 279984.4430379747
636 219637.0875
637 215308.88157894736
638 326438.45263157896
639 217173.41666666666
640 245385.05434782608
641 266940.421686747
642 186773.52747252746
643 269373.8390804598
644 243267.1791044776
645 251845.36144578314
646 234074.23333333334
647 225304.0
648 236614.88659793814
649 238737.70588235295
650 206225.58585858587
651 176628.5483870968
652 253263.8108108108
653 230625.40506329114
654 363721.4430379747
655 295337.1898734177
656 242430.2987012987
657 263495.73076923075
658 301336.7831325301
659 391153.7534246575
660 228007.12857142856
661 197606.97
662 323824.7340425532
663 296185.15277777775
664 455000.7294117647
665 368910.7922077922
666 190131.7594936709
667 253408.06741573033
668 292424.97222222225
669 386986.7738095238
670 234607.9295774648
671 242770.33333333334
672 456481.80412371136
673 211114.92708333334
674 283975.5352112676
675 217443.0224719101
676 317268.387755102
677 232501.56818181818
678 565017.5405405406
679 277692.3417721519
680 226734.6625
681 321235.2297297297
682 256908.625
683 221310.32926829267
684 332762.10714285716
685 298322.2168674699
686 226069.572815534
687 299971.12
688 358806.1325301205
689 341288.1649484536
690 244062.25675675675
691 220249.725
692 329777.1477272727
693 268008.4938271605
694 232436.28048780488
695 247746.48
696 430587.5842696629
697 251694.1326530612
698 289658.65
699 208353.88732394367
700 268942.05555555556
701 296576.5777777778
702 230783.5903614458
703 216458.8023255814
704 357448.0625
705 681774.8271604938
706 484795.01086956525
707 254129.70666666667
708 225296.1157894737
709 355169.13186813187
710 292770.71428571426
711 362295.4929577465
712 280589.5263157895
713 291810.404040404
714 368677.1168831169
715 348271.2021276596
716 198414.42696629214
717 265468.05797101447
718 271494.7727272727
719 293893.9191919192
720 285153.3333333333
721 286945.5652173913
722 370347.61627906974
723 283457.05333333334
724 289137.7866666667
725 401334.83116883115
726 303535.7341772152
727 364437.9438202247
728 479998.1395348837
729 258349.14563106795
730 249579.2558139535
731 300822.7078651685
732 214609.11363636365
733 260642.91139240508
734 262036.39024390245
735 688351.947368421
736 349791.6857142857
737 1167818.5227272727
738 262781.5487804878
739 247394.94736842104
740 239705.15
741 297018.8125
742 243200.26315789475
743 275071.7586206897
744 247854.45333333334
745 408664.96470588236
746 257572.9111111111
747 328244.5180722892
748 451210.75
749 473299.89873417723
750 267654.64285714284
751 270926.1176470588
752 250808.27160493826
753 341286.6233766234
754 308487.13513513515
755 263692.7582417582
756 282394.5789473684
757 303128.2195121951
758 312325.2417582418
759 249587.898989899
760 290922.60759493674
761 425133.15
762 273613.1384615385
763 256791.72839506174
764 571739.9404761905
765 454608.14285714284
766 318582.1625
767 310776.5070422535
768 274955.40860215056
769 506662.4588235294
770 306774.1568627451
771 744543.4027777778
772 236588.76086956522
773 237111.87323943662
774 343646.4555555555
775 295437.56565656565
776 321551.37333333335
777 266603.56790123455
778 738943.9885057472
779 261941.32835820896
780 457369.3918918919
781 505653.0
782 250174.1505376344
783 281260.7032967033
784 265790.9081632653
785 289904.92957746476
786 248762.77380952382
787 282556.28571428574
788 445071.1538461539
789 298296.80303030304
790 242301.55384615384
791 299917.9514563107
792 309203.5479452055
793 290737.79347826086
794 772051.6380952381
795 314914.86666666664
796 221111.70103092783
797 278684.0
798 623097.6790123457
799 225598.96629213484
800 259926.47916666666
801 455954.8625
802 288223.5263157895
803 516672.4767441861
804 570032.7368421053
805 297450.8214285714
806 708521.9764705882
807 381547.24705882353
808 283821.1927710843
809 299621.69444444444
810 295266.4024390244
811 335979.02469135803
812 930059.9156626506
813 274028.0602409639
814 289346.5
815 286488.4404761905
816 486084.4
817 258932.15277777778
818 311463.96202531643
819 397965.0581395349
820 208345.25333333333
821 501270.7032967033
822 338685.2688172043
823 264722.3918918919
824 588557.5222222222
825 335556.2413793103
826 374529.9512195122
827 284495.19587628864
828 592575.4065934066
829 286137.8068181818
830 272437.9431818182
831 285160.75
832 309283.47826086957
833 296228.9210526316
834 267257.7972972973
835 362165.60294117645
836 673265.0666666667
837 273232.7052631579
838 399523.0
839 263850.31707317074
840 503019.39743589744
841 298218.70930232556
842 587940.7631578947
843 402558.6666666667
844 379106.7910447761
845 411278.5333333333
846 305142.56565656565
847 313272.2738095238
848 314218.3488372093
849 274424.362745098
850 326910.02173913043
851 278709.4868421053
852 315310.652173913
853 325373.7032967033
854 302616.0689655172
855 870258.7078651686
856 304347.1194029851
857 1008773.8295454546
858 340889.5263157895
859 345014.8804347826
860 310522.94736842107
861 500613.2972972973
862 647199.5694444445
863 271029.0465116279
864 382990.21794871794
865 275447.4698795181
866 430599.08247422683
867 369719.9
868 318740.87012987013
869 1077373.705882353
870 985765.7073170731
871 480366.73913043475
872 333144.72340425535
873 767158.9855072463
874 1092162.1379310344
875 510934.7272727273
876 287248.6
877 351808.23943661974
878 713923.6202531646
879 331342.58904109587
880 422357.9130434783
881 366662.24675324676
882 560711.0869565217
883 296262.23529411765
884 523005.9888888889
885 314434.65432098764
886 334533.62921348313
887 1093022.5333333334
888 344473.8804347826
889 1286182.9146341463
890 328237.93406593404
891 521107.16161616164
892 903588.6666666666
893 543452.061728395
894 598729.9615384615
895 1121341.4819277108
896 265550.76056338026
897 1272347.7307692308
898 2600602.6
899 286816.67045454547
900 345482.4
901 3574260.643678161
902 246285.40789473685
903 330188.3157894737
904 745139.2261904762
905 423253.7346938776
906 925188.5858585859
907 862204.4683544304
908 298165.2278481013
909 333834.9651162791
910 701995.1547619047
911 2131497.716049383
912 383045.54761904763
913 298572.6461538462
914 309601.8965517241
915 470084.7752808989
916 1412006.851851852
917 1710544.042253521
918 333612.4625
919 325884.2368421053
920 2697155.048192771
921 662456.0
922 1320960.8660714286
923 2796294.25
924 312389.7846153846
925 2935618.772727273
926 338858.1194029851
927 3820825.4269662923
928 544814.0273972603
929 3443101.2736842106
930 2254845.3582089553
931 486091.175
932 335845.23595505615
933 4606287.3564356435
934 511610.8
935 1079834.086419753
936 1001716.858974359
937 1371741.25
938 366881.91011235956
939 896712.1149425288
940 689887.6395348837
941 316600.025
942 1704904.8072289156
943 317107.71428571426
944 311619.1038961039
945 4218450.544303797
946 7226126.752808989
947 309281.5205479452
948 315753.9868421053
949 2538919.1558441557
950 310684.31395348837
951 1007213.7195121951
952 627524.5
953 1518302.2666666666
954 351523.82558139536
955 565732.0222222222
956 2574867.3917525774
957 711435.213592233
958 4006577.423076923
959 1144451.8
960 2769247.0804597703
961 318198.3209876543
962 4696450.788235294
963 1620240.1098901099
964 903072.1123595505
965 3953877.67
966 2407511.6621621624
967 336035.3522727273
968 315084.3645833333
969 359465.63636363635
970 470948.1698113208
971 317472.5675675676
972 2.8625661743902437E7
973 641654.9036144578
974 1526695.1379310344
975 392215.8375
976 6.444937537E7
977 352031.367816092
978 317554.64556962025
979 500568.9210526316
980 326854.06172839506
981 356209.3409090909
982 345318.7804878049
983 1.7531786223529413E7
984 4183083.1139240507
985 307477.1022727273
986 327431.21153846156
987 7672319.7625
988 326445.7
989 335452.4456521739
990 333069.9789473684
991 1.4364720797752809E7
992 3886816.6904761903
993 5278077.566666666
994 370832.6818181818
995 342866.90721649484
996 2329636.241758242
997 2440792.797752809
998 7020617.877777778
999 337703.37313432834
