1 2442.9058823529413
2 8067.375
3 2467.1666666666665
4 11080.4
5 7909.783783783784
6 8491.055555555555
7 2453.087912087912
8 8526.718446601943
9 2480.582089552239
10 7806.238095238095
11 2508.027027027027
12 2410.7272727272725
13 10456.223529411765
14 7260.297872340426
15 2818.3846153846152
16 3082.5670103092784
17 13308.816326530612
18 2471.417910447761
19 2507.0833333333335
20 12742.918604651162
21 7397.357142857143
22 8543.243902439024
23 8375.686046511628
24 8414.012195121952
25 2532.3267326732675
26 18688.647727272728
27 2505.369230769231
28 24104.515789473684
29 20993.74025974026
30 17701.072463768116
31 15075.21590909091
32 15048.79746835443
33 38289.57142857143
34 8983.807228915663
35 147142.1797752809
36 34888.28571428572
37 46514.73170731707
38 12781.149253731342
39 18263.78761061947
40 27847.413333333334
41 13234.652173913044
42 18234.766666666666
43 11989.670588235294
44 24711.101123595505
45 9314.35
46 11073.1
47 12896.75641025641
48 19047.907692307694
49 27816.468085106382
50 19226.811881188118
51 21115.517647058823
52 63250.05
53 21084.36
54 40503.07792207792
55 57178.025
56 25807.637362637364
57 21969.0
58 41373.88888888889
59 15296.567901234568
60 22308.375
61 31014.929577464787
62 14380.688311688311
63 45953.22619047619
64 40960.20731707317
65 32249.0
66 18204.11842105263
67 40721.1282051282
68 21875.38888888889
69 38184.47297297297
70 46464.65853658537
71 21212.87012987013
72 26337.782608695652
73 63412.333333333336
74 34253.23684210526
75 27885.566666666666
76 26837.257142857143
77 22825.465753424658
78 48812.171428571426
79 15976.67088607595
80 20088.303797468354
81 28368.46052631579
82 9339.0
83 45942.65277777778
84 44650.744897959186
85 19836.559139784946
86 29597.192771084337
87 39965.83529411765
88 55534.1686746988
89 23526.95890410959
90 32039.770833333332
91 32911.83516483517
92 20505.739726027397
93 57432.666666666664
94 49779.849315068495
95 39999.38372093023
96 54909.03846153846
97 36180.4578313253
98 43001.927710843374
99 58719.53846153846
100 55111.806818181816
101 24605.05319148936
102 25408.767441860466
103 22737.133333333335
104 19975.9012345679
105 46377.434782608696
106 41807.70731707317
107 51489.05319148936
108 42278.17857142857
109 70275.27160493827
110 54112.27848101266
111 44467.22222222222
112 58461.862068965514
113 45078.58620689655
114 52387.8
115 37188.84523809524
116 54514.59420289855
117 47437.15476190476
118 42323.13483146067
119 59086.64935064935
120 50512.52702702703
121 80402.64197530864
122 61201.51851851852
123 40726.78461538462
124 52745.9
125 38687.28282828283
126 37183.23684210526
127 55988.09459459459
128 68822.87912087912
129 40036.64935064935
130 116086.10869565218
131 85223.11428571428
132 42713.39240506329
133 69892.4705882353
134 73845.625
135 73662.44642857143
136 81760.30666666667
137 86571.80722891567
138 71694.67415730337
139 69907.05
140 80385.9512195122
141 73855.29333333333
142 59759.484210526316
143 50696.692307692305
144 22188.211267605635
145 51317.942528735635
146 194441.39534883722
147 61436.81690140845
148 24291.505747126437
149 78727.45205479451
150 54617.98765432099
151 33987.3625
152 77584.42647058824
153 30271.815789473683
154 51808.84705882353
155 65865.30588235294
156 62186.18421052631
157 22976.768115942028
158 68113.8953488372
159 104410.93589743589
160 74061.89855072464
161 102795.02150537634
162 57116.558139534885
163 115140.0895522388
164 46313.03409090909
165 58074.0
166 63063.11627906977
167 53189.61538461538
168 83348.53488372093
169 76134.9625
170 78934.6282051282
171 53506.865979381444
172 37887.46666666667
173 107858.56756756757
174 105682.44776119402
175 120546.74725274726
176 64790.59322033898
177 81116.01075268818
178 55012.20895522388
179 58848.635416666664
180 86297.94736842105
181 94083.10588235295
182 52739.73737373737
183 115028.27906976744
184 66087.66233766233
185 64708.6091954023
186 56121.22857142857
187 147947.35483870967
188 71778.21428571429
189 105749.04347826086
190 157368.89772727274
191 84772.95945945945
192 92736.22368421052
193 39047.62222222222
194 92186.28787878787
195 110433.49425287357
196 96333.94871794872
197 69377.14893617021
198 55830.62790697674
199 70379.7311827957
200 92338.98958333333
201 52582.2625
202 69267.46153846153
203 86965.37974683545
204 75662.51612903226
205 94069.74074074074
206 114955.97530864198
207 85396.17808219178
208 51667.9156626506
209 83417.51948051948
210 75658.18478260869
211 108533.28767123287
212 94545.42857142857
213 92939.5142857143
214 132469.4625
215 92434.44303797468
216 104836.63725490196
217 89274.19318181818
218 93027.97368421052
219 93329.29896907216
220 146594.2857142857
221 84019.59340659341
222 89125.89423076923
223 96069.89
224 93155.59770114943
225 87866.12790697675
226 77147.5632183908
227 100210.12359550562
228 135984.35294117648
229 98609.61538461539
230 109086.40476190476
231 95937.0
232 148316.15584415584
233 85946.19230769231
234 93117.88095238095
235 106653.42857142857
236 69370.70833333333
237 78047.91304347826
238 113823.74117647059
239 69363.91111111111
240 188421.48863636365
241 82962.64634146342
242 74219.5875
243 69069.96103896105
244 124254.22988505747
245 66711.95348837209
246 97712.20833333333
247 132777.81720430107
248 113655.35555555555
249 85274.21951219512
250 121345.71428571429
251 88557.13483146067
252 55483.15
253 91129.04761904762
254 120431.49397590362
255 124247.77173913043
256 108831.45348837209
257 123222.83950617284
258 218956.3417721519
259 122852.0
260 139079.3536585366
261 114913.13235294117
262 107109.02857142857
263 123451.95061728395
264 106443.79069767441
265 148268.54054054053
266 135400.9358974359
267 145809.39423076922
268 93530.6
269 121984.9054054054
270 100795.14141414141
271 175505.76923076922
272 112091.57352941176
273 145029.21951219512
274 64119.16901408451
275 156359.9076923077
276 116526.34567901235
277 142336.0652173913
278 163482.34523809524
279 123156.67391304347
280 111446.66666666667
281 129907.375
282 91312.82857142857
283 69653.21917808219
284 164866.6588235294
285 104011.43373493975
286 142418.93396226416
287 126364.55696202532
288 124412.97590361445
289 112335.55172413793
290 106888.3625
291 135888.2972972973
292 228304.6338028169
293 92480.8275862069
294 114484.05333333333
295 261852.65168539327
296 148278.0243902439
297 125412.0
298 118770.75268817204
299 116769.1375
300 63429.7
301 135968.4642857143
302 120931.97674418605
303 148105.88764044945
304 127490.26582278482
305 279164.54639175255
306 117779.95180722892
307 166936.1463414634
308 129873.52564102564
309 89063.11458333333
310 175259.86021505378
311 117865.41333333333
312 78093.72
313 123152.05128205128
314 121859.42857142857
315 89491.51578947369
316 180160.84415584416
317 115790.3294117647
318 152504.15555555557
319 110594.5744680851
320 122041.89655172414
321 174554.74257425743
322 145067.5487804878
323 149740.13043478262
324 136256.83950617284
325 163121.93636363637
326 156599.36585365853
327 263796.2530120482
328 151167.8125
329 106601.28787878787
330 153014.31707317074
331 229598.1739130435
332 106537.59183673469
333 122642.97647058824
334 239752.3108108108
335 108998.66304347826
336 153694.35869565216
337 150529.31818181818
338 251889.58024691357
339 142001.8
340 260277.3924050633
341 192014.1235955056
342 155244.97647058824
343 133433.19318181818
344 138227.8725490196
345 149193.88636363635
346 142451.23456790124
347 142580.2
348 109446.75789473685
349 113710.7311827957
350 175649.05128205128
351 157717.9625
352 214351.89583333334
353 146139.74025974027
354 157055.9125
355 157489.80263157896
356 155547.45569620252
357 130641.03296703297
358 174117.98611111112
359 115403.1125
360 131684.0779220779
361 199904.68041237115
362 87919.69620253165
363 117402.59782608696
364 215774.0
365 185515.5652173913
366 196681.0128205128
367 142161.83333333334
368 283996.3048780488
369 86803.58823529411
370 157433.091954023
371 312745.74736842106
372 187161.07317073172
373 135416.7659574468
374 168931.72093023255
375 123255.95238095238
376 144982.80597014926
377 169836.8923076923
378 118959.05813953489
379 147619.81333333332
380 140070.98780487804
381 298062.44444444444
382 175274.47692307693
383 170626.89156626505
384 149285.16666666666
385 189081.55813953487
386 201873.38028169013
387 175777.8088235294
388 248436.94666666666
389 240878.23684210525
390 138375.48888888888
391 220168.7882352941
392 446635.8163265306
393 180890.53125
394 198700.6875
395 136534.08
396 176767.14102564103
397 121347.825
398 186578.61538461538
399 446006.11235955055
400 176914.12676056338
401 232028.82278481012
402 197799.2105263158
403 200439.7162162162
404 176776.90625
405 265021.5641025641
406 343883.8615384615
407 241516.17525773196
408 220688.32323232322
409 270117.05376344087
410 207801.70786516854
411 181845.925
412 136276.80722891566
413 135257.2558139535
414 122034.03529411765
415 173848.3777777778
416 219071.54320987655
417 197238.88
418 117520.22988505747
419 187211.44943820225
420 465096.07692307694
421 280898.5733333333
422 174694.0
423 171487.83146067415
424 162137.22368421053
425 268530.012987013
426 328734.0375
427 312279.36363636365
428 168857.10465116278
429 189525.9411764706
430 426894.0657894737
431 559129.7954545454
432 203494.525
433 200899.54166666666
434 239878.74736842106
435 171865.1081081081
436 209567.0588235294
437 172811.72727272726
438 138540.60824742267
439 203210.3670886076
440 176549.3125
441 150159.11392405065
442 143734.16666666666
443 177545.5185185185
444 170071.32558139536
445 220238.80722891566
446 206889.65789473685
447 204022.18309859154
448 160422.843373494
449 204546.44329896907
450 288955.23863636365
451 156231.92708333334
452 344038.6
453 232221.7415730337
454 147470.89333333334
455 211481.075
456 151724.34444444443
457 165725.67164179104
458 166669.77777777778
459 153360.59420289856
460 194409.81818181818
461 224055.46268656716
462 256713.68493150684
463 266204.1111111111
464 225340.25714285715
465 209535.9714285714
466 210530.66666666666
467 182609.8875
468 205699.52702702704
469 309867.79569892475
470 190870.59722222222
471 165303.26865671642
472 264790.75675675675
473 219305.2125
474 143340.31578947368
475 171162.87209302327
476 381650.8653846154
477 277655.5411764706
478 157023.18421052632
479 239989.67142857143
480 183074.24175824175
481 276448.15625
482 217958.7789473684
483 147065.30555555556
484 235624.13829787233
485 136690.68292682926
486 173668.15151515152
487 335643.3367346939
488 271082.4857142857
489 190217.89743589744
490 232024.2643678161
491 213950.5945945946
492 269250.6538461539
493 219279.5
494 217770.57317073172
495 131466.8152173913
496 211561.74444444446
497 214634.61643835617
498 227532.13953488372
499 207183.3950617284
500 328750.08450704225
501 259794.94318181818
502 145168.7340425532
503 238461.73684210525
504 334068.8
505 181978.15189873418
506 191832.22352941177
507 209566.95714285714
508 164936.33333333334
509 253207.15189873418
510 258695.33783783784
511 278544.1830985916
512 146463.825
513 241204.24444444446
514 202074.34615384616
515 250838.9
516 274762.93406593404
517 169438.68
518 213872.14285714287
519 287701.3125
520 296903.2891566265
521 323456.967032967
522 248393.47826086957
523 304508.987012987
524 314047.60256410256
525 215025.75280898876
526 203465.37623762377
527 193001.90277777778
528 425717.6103896104
529 280550.1919191919
530 346291.0465116279
531 220466.68354430379
532 278364.8
533 249453.55405405405
534 260445.2988505747
535 249964.89108910892
536 232303.45945945947
537 141973.675
538 216392.53086419753
539 374902.6103896104
540 203450.67105263157
541 240424.7205882353
542 247607.94736842104
543 362157.3023255814
544 172080.82894736843
545 249127.15238095238
546 341841.88372093026
547 184756.31818181818
548 216518.56976744186
549 269658.27777777775
550 265793.9054054054
551 183501.15476190476
552 321276.4096385542
553 236167.68055555556
554 320160.6853932584
555 364693.0
556 244479.15
557 323626.9772727273
558 394524.86842105264
559 183379.3253012048
560 239595.65789473685
561 224314.32142857142
562 236030.84507042254
563 198589.65277777778
564 235286.70238095237
565 260021.9090909091
566 261475.56923076924
567 330493.5595238095
568 299985.03529411764
569 432001.05376344087
570 261851.6883116883
571 221598.63513513515
572 285018.0540540541
573 466364.8831168831
574 231171.18987341772
575 331125.404040404
576 209100.9014084507
577 217062.91139240508
578 291371.23076923075
579 272184.8431372549
580 259956.40740740742
581 312028.7311827957
582 286996.5733333333
583 268167.6022727273
584 240788.97872340426
585 217401.4814814815
586 517496.3777777778
587 262711.1818181818
588 253065.0459770115
589 184187.16666666666
590 257880.5
591 289842.38636363635
592 205030.27272727274
593 281615.48780487804
594 174928.8791208791
595 312285.3888888889
596 325713.9130434783
597 195428.7931034483
598 210748.75789473683
599 923530.2168674698
600 422236.734375
601 257682.19191919192
602 259474.02325581395
603 208130.7922077922
604 275094.0506329114
605 315280.9868421053
606 264478.6538461539
607 496072.88764044945
608 231748.90625
609 252715.07692307694
610 244710.84905660377
611 543261.7142857143
612 258268.1851851852
613 260101.2142857143
614 368335.0298507463
615 250940.25
616 192226.23076923078
617 479039.44736842107
618 275202.33720930235
619 257716.1067961165
620 313562.8222222222
621 381778.8901098901
622 432263.641025641
623 214654.1690140845
624 225889.4375
625 319755.3461538461
626 239102.06756756757
627 655856.302631579
628 246476.09210526315
629 248514.2658227848
630 476686.0879120879
631 241895.55555555556
632 237496.26829268291
633 357793.53921568627
634 230652.09333333332
635 331307.3783783784
636 438287.41333333333
637 283497.52747252746
638 248225.69696969696
639 269936.9746835443
640 281873.74074074073
641 241840.13513513515
642 212101.1012658228
643 430910.14666666667
644 342472.5128205128
645 503919.8735632184
646 240640.44578313254
647 427700.125
648 244753.08333333334
649 908734.5316455696
650 381084.9126213592
651 264330.90625
652 342776.25581395347
653 618115.2702702703
654 258437.9195402299
655 611438.9718309859
656 460374.9310344828
657 308197.0595238095
658 323067.3015873016
659 374911.25974025973
660 257904.36559139786
661 306359.5
662 424538.56944444444
663 499021.37362637365
664 335313.5
665 368811.1066666667
666 251022.68421052632
667 471686.42696629214
668 230651.08333333334
669 504074.3333333333
670 324953.26666666666
671 271516.05263157893
672 1050333.1095890412
673 404032.1222222222
674 383358.9032258064
675 272740.61971830984
676 251224.7294117647
677 230164.38095238095
678 292014.3373493976
679 310088.3717948718
680 319376.77777777775
681 235451.19318181818
682 438066.17333333334
683 265518.27777777775
684 399026.4074074074
685 270484.46428571426
686 481177.55844155845
687 240442.9775280899
688 551911.0229885058
689 475283.2471910112
690 333863.8271604938
691 498670.4285714286
692 265493.5789473684
693 567091.2763157894
694 535883.5522388059
695 417741.70930232556
696 392908.987012987
697 349930.59722222225
698 438263.0
699 473321.81707317074
700 295027.988372093
701 290939.4375
702 202979.87179487178
703 240323.5625
704 334995.14285714284
705 368156.686746988
706 329458.5543478261
707 365844.5479452055
708 240656.70786516854
709 587077.303030303
710 344252.7088607595
711 308696.265060241
712 421213.12
713 551268.6202531646
714 491403.4675324675
715 336425.0
716 380577.0543478261
717 401989.3152173913
718 280163.84210526315
719 441330.7469879518
720 238931.06451612903
721 633599.3766233766
722 699119.2083333334
723 358939.58974358975
724 715452.9117647059
725 799454.4941176471
726 594454.8155339806
727 472952.8795180723
728 304712.92307692306
729 610279.76
730 896695.6666666666
731 1187732.0394736843
732 454613.3052631579
733 259043.70103092783
734 551521.7764705883
735 355102.72839506174
736 209205.44444444444
737 490322.61842105264
738 779646.7802197802
739 1231630.0
740 602817.7093023256
741 305447.6785714286
742 322445.57575757575
743 464685.1630434783
744 728180.8681318681
745 446355.06382978725
746 359137.0602409639
747 357024.0135135135
748 673653.625
749 410009.86419753084
750 676503.202247191
751 566193.6666666666
752 588958.8631578947
753 283778.33766233764
754 552713.3698630137
755 299221.68292682926
756 544753.6835443038
757 437442.7625
758 476723.74576271186
759 226532.9010989011
760 637261.6582278481
761 402023.875
762 349822.9247311828
763 1535667.2602739725
764 301432.1011235955
765 868974.4210526316
766 323126.3661971831
767 259781.0125
768 317884.8630136986
769 802345.8271604938
770 256414.40983606558
771 894151.6086956522
772 719949.8674698796
773 421859.97196261684
774 995421.0208333334
775 405584.8352941176
776 387937.88607594935
777 336893.0470588235
778 300645.5238095238
779 714745.3375
780 244980.44318181818
781 489831.9277108434
782 500042.07692307694
783 697543.4222222222
784 536553.6629213484
785 310117.4487179487
786 344681.4418604651
787 368969.01123595505
788 333436.8941176471
789 616900.2530120482
790 511254.4578313253
791 1173184.3085106383
792 365407.74666666664
793 314849.3218390805
794 311158.6626506024
795 526237.7428571428
796 460682.7894736842
797 648330.8488372093
798 543862.1142857143
799 1068441.965116279
800 864117.4705882353
801 269419.7012987013
802 999703.4819277108
803 483412.6853932584
804 281977.5777777778
805 265060.9537037037
806 769244.9390243902
807 358774.4487179487
808 384044.97647058824
809 739009.313253012
810 276815.08
811 339309.6818181818
812 424436.09523809527
813 1208208.4404761905
814 1448080.7045454546
815 446569.3975903614
816 639756.6555555556
817 900523.4166666666
818 390303.5569620253
819 368002.4347826087
820 606573.4152542372
821 2208926.6
822 424378.1195652174
823 767760.1428571428
824 884115.988764045
825 484738.1690140845
826 613674.7216494846
827 3146188.3857142855
828 821178.1702127659
829 489614.76744186046
830 341321.96153846156
831 337237.7415730337
832 290180.671875
833 371441.0963855422
834 563930.1428571428
835 340244.0714285714
836 835733.108433735
837 420951.7708333333
838 501305.18888888886
839 390616.7341772152
840 485192.816091954
841 581525.0235294118
842 917657.8795180722
843 1349473.8723404256
844 228265.4875
845 2041736.7368421052
846 496314.2718446602
847 754524.1265822785
848 726478.7391304348
849 563269.5054945055
850 1300465.0526315789
851 677029.6701030928
852 719405.1842105263
853 472172.95238095237
854 520931.39743589744
855 379195.6052631579
856 352333.4
857 303394.2247191011
858 693969.0657894737
859 334750.09375
860 774995.4942528736
861 1385662.0394736843
862 804399.8085106383
863 4496656.5125
864 763913.125
865 469915.17647058825
866 303896.0909090909
867 1044879.8674698796
868 356054.10714285716
869 831602.4523809524
870 429029.265060241
871 359129.7721518987
872 539864.1666666666
873 1285372.2903225806
874 746540.7441860465
875 294495.7078651685
876 382962.0714285714
877 412583.83950617287
878 3298986.8421052634
879 363757.390625
880 1940685.625
881 945254.5844155845
882 546166.3037974683
883 2017372.5783132531
884 346566.3846153846
885 609621.512195122
886 378509.48387096776
887 617969.6615384616
888 357055.5176470588
889 355918.9222222222
890 728430.1547619047
891 3901056.4197530863
892 431960.8556701031
893 289070.69863013696
894 844049.8478260869
895 568052.786516854
896 755804.987654321
897 8339759.955555555
898 1630571.44
899 2023827.9777777777
900 348861.6666666667
901 897400.3376623377
902 1712659.2162162163
903 8793146.554216867
904 4879127.962962963
905 3921423.1
906 2252451.765432099
907 5169377.956043956
908 1243212.0632911392
909 2860926.2098765434
910 311579.5128205128
911 709670.1585365854
912 2421060.565217391
913 358460.12987012987
914 590186.9325842697
915 4151579.4736842103
916 1016247.2738095238
917 5671771.0
918 2.0412060609195404E7
919 5596933.418367347
920 1012740.4683544304
921 864473.4761904762
922 522783.0459770115
923 1720526.7848101265
924 600587.9390243902
925 3367867.3552631577
926 2752620.8125
927 2809051.7162162163
928 361272.09230769234
929 1655243.1235955057
930 2739997.10989011
931 6518887.680555556
932 374071.5402298851
933 453750.2150537634
934 6331079.808510638
935 430950.21348314604
936 1927158.9213483145
937 1441356.4736842106
938 1808702.827160494
939 1007236.2222222222
940 558348.922077922
941 892482.6363636364
942 385886.012345679
943 1960643.0759493671
944 738525.9705882353
945 995836.417721519
946 2752192.222222222
947 592386.3950617284
948 469443.24358974356
949 2754071.9587628865
950 496807.858974359
951 341945.1204819277
952 392963.8888888889
953 1810584.1647058823
954 6473674.8271604935
955 1.0033080934210526E7
956 343824.1153846154
957 735884.0795454546
958 1.676390592E7
959 375366.62025316455
960 628140.9882352941
961 2387373.773809524
962 9885888.9375
963 466624.71428571426
964 403713.0657894737
965 374177.3943661972
966 2.4288307827160493E7
967 2077735.6813186812
968 371175.8888888889
969 321382.76829268294
970 1809295.155844156
971 1379611.4235294117
972 3128633.9468085105
973 316008.29761904763
974 1208132.808219178
975 1468642.3820224719
976 6700557.683544304
977 548297.8958333334
978 405698.8888888889
979 419776.91011235956
980 3002182.5135135134
981 289916.65714285715
982 2639658.380952381
983 714181.7340425532
984 366106.4675324675
985 8637782.123595506
986 1.0160157202247191E7
987 2147422.4246575343
988 755250.2716049383
989 2645287.939759036
990 5415544.936708861
991 693338.6835443038
992 3441102.785714286
993 393224.4875
994 422691.84523809527
995 1354609.75
996 5740479.642857143
997 2015582.8157894737
998 1320828.125
999 396767.9347826087
