1 4612.6291390728475
2 39972.67283950617
3 2158.197604790419
4 35203.08139534884
5 101549.56172839506
6 2181.5486111111113
7 2170.198717948718
8 2180.925925925926
9 39743.32236842105
10 37632.09493670886
11 34629.94736842105
12 34324.63953488372
13 59691.530927835054
14 106312.85798816568
15 42395.620689655174
16 75428.35064935064
17 37681.1582278481
18 36999.27976190476
19 34566.245508982036
20 4655.774566473989
21 7321.597402597403
22 109866.61688311688
23 72384.85542168675
24 129092.4696969697
25 76374.77300613497
26 116044.19727891157
27 35046.17415730337
28 211189.53296703298
29 127804.56521739131
30 160901.48920863308
31 118622.18181818182
32 105634.12352941177
33 72106.80769230769
34 98349.06214689265
35 115104.73103448276
36 159990.83720930232
37 66657.1264367816
38 79362.90123456791
39 86891.79545454546
40 36194.13043478261
41 139959.55154639174
42 106849.39644970415
43 69556.09638554217
44 103348.2891566265
45 68492.30434782608
46 237585.22463768115
47 153803.46405228757
48 232964.67058823528
49 233058.8705882353
50 157638.12162162163
51 123747.35172413793
52 176311.55
53 137955.41666666666
54 159377.1689189189
55 110544.2
56 165059.8
57 231111.6327683616
58 326674.20588235295
59 160551.591954023
60 238475.01176470588
61 283006.67741935485
62 78076.78378378379
63 78365.64150943396
64 171219.3411764706
65 224951.76
66 282962.7358490566
67 218879.82389937105
68 210532.5
69 342654.4355828221
70 393499.1420118343
71 243319.73913043478
72 291231.54069767444
73 308218.161971831
74 295360.47904191614
75 296458.9479768786
76 126088.91666666667
77 228877.4090909091
78 278144.52413793106
79 291337.059602649
80 500891.2377622378
81 184623.75657894736
82 306411.8313253012
83 274734.3393939394
84 229874.08724832215
85 79738.16197183098
86 271084.1224489796
87 448563.9190751445
88 190131.4144736842
89 164399.10650887573
90 258016.33116883118
91 232500.14965986394
92 450592.71428571426
93 376287.6103896104
94 345553.4364640884
95 313755.07784431137
96 349137.2111801242
97 374908.5165562914
98 390614.358490566
99 373778.11409395974
100 341108.8441558442
101 366599.48529411765
102 422956.28571428574
103 311475.2181818182
104 298222.8843930636
105 297051.16959064326
106 278320.48170731706
107 380882.4712643678
108 542249.1666666666
109 539687.3150684931
110 225600.05369127516
111 402093.045751634
112 383205.297752809
113 644938.3233082707
114 426780.3766233766
115 375958.1847133758
116 599008.9393939395
117 487464.9588235294
118 453386.26174496644
119 157451.36666666667
120 214263.2142857143
121 555193.0
122 711514.9303797468
123 476183.18518518517
124 571624.1079136691
125 279144.7450980392
126 507150.39634146343
127 511430.6225165563
128 263369.4597701149
129 534822.7371794871
130 578870.5986842106
131 580679.5694444445
132 459699.3466666667
133 295118.20809248555
134 519234.1081081081
135 343213.1951219512
136 253231.47222222222
137 380650.47023809527
138 370336.9240506329
139 496338.6375
140 348556.49696969695
141 369843.6834532374
142 664116.1552795031
143 481294.0722891566
144 475435.6818181818
145 533810.5102040817
146 348803.4759036145
147 606302.0602409638
148 453396.55263157893
149 506057.51829268294
150 632523.1052631579
151 672208.3375
152 328111.816091954
153 613295.1686746988
154 504072.5804195804
155 734729.1801242236
156 383219.3774834437
157 525305.925925926
158 489017.186746988
159 644884.4304635761
160 707766.3533333334
161 398502.4705882353
162 684786.6163522012
163 362602.965034965
164 424448.61333333334
165 648398.1907514451
166 496822.2826086957
167 652949.9166666666
168 475702.6666666667
169 537225.5761589404
170 480241.40789473685
171 368521.2760736196
172 700629.6730769231
173 675340.0406976744
174 677924.6193548387
175 428046.8484848485
176 654924.5107913669
177 624968.225433526
178 536367.5527950311
179 615255.7515923567
180 485671.19736842107
181 683750.3888888889
182 722247.1987951808
183 629250.6219512195
184 811091.7482517483
185 832033.0459770114
186 691367.834532374
187 940023.6987951808
188 523264.7041420118
189 764703.7635135135
190 812009.6036585366
191 699406.1458333334
192 801512.0650887574
193 546609.1402439025
194 334101.06493506493
195 874711.049689441
196 532597.4137931034
197 684531.8378378379
198 722743.3392857143
199 1057856.2546583852
200 732667.1
201 560653.0131578947
202 818148.8
203 1012745.3218390804
204 593024.1104294478
205 574757.7210884354
206 561278.3488372093
207 686921.7151162791
208 546106.3926380369
209 703006.4605263158
210 491412.9820359281
211 768678.4424242424
212 478202.12
213 723055.4251497006
214 769328.7908496732
215 773443.4967320261
216 970300.9880952381
217 392887.98125
218 724857.4866666667
219 799708.2176870748
220 813109.9375
221 680271.66875
222 883132.8830409356
223 690097.3525641026
224 757523.0943396227
225 756304.925925926
226 905178.7746478873
227 549102.75
228 985073.7307692308
229 661254.4405594405
230 709555.8741721854
231 487553.5231788079
232 714589.2046783626
233 839435.1904761905
234 642151.923566879
235 633906.861878453
236 883497.9797297297
237 690434.2287581699
238 565259.9068322981
239 937983.6375
240 611089.6597222222
241 712597.6114649682
242 1047850.9820359282
243 624536.1176470588
244 1023122.6666666666
245 611458.3392857143
246 881656.46875
247 1076752.8674698796
248 1135268.534883721
249 790690.8933333333
250 859328.7018633541
251 842804.1785714285
252 877806.1802325582
253 844849.2291666666
254 686372.0573248408
255 989603.7202797203
256 986893.2095808383
257 945362.109375
258 1523273.604790419
259 786775.2848101265
260 759398.1349693252
261 791239.7161290323
262 713689.8618421053
263 931815.6303030303
264 981603.0361445784
265 706818.2229299363
266 957847.3513513514
267 841909.1870967742
268 1186938.9530201342
269 852636.3397435897
270 728136.0389610389
271 916871.1710526316
272 915078.6770186336
273 1048104.1739130435
274 676823.8289473684
275 664839.380952381
276 766966.7058823529
277 993724.9863945579
278 856222.2822085889
279 678353.0731707317
280 582461.7961783439
281 606868.5
282 827457.1280487805
283 976623.574074074
284 872572.4897959183
285 1265358.4556213017
286 943130.9536423841
287 1061697.9467455621
288 844134.9032258064
289 1152129.161111111
290 881108.0694444445
291 889210.1446540881
292 850379.6038961039
293 809280.2407407408
294 1153431.4680851065
295 1156269.857142857
296 1091823.450617284
297 832828.8370786516
298 817154.693877551
299 909833.4774193548
300 1209378.1485714286
301 941527.8766233766
302 810954.9192546584
303 995812.8580246913
304 1260531.4473684211
305 913312.9230769231
306 880045.0896551724
307 806254.194117647
308 934696.6978417266
309 914202.8410596027
310 1263082.5571428572
311 922118.918128655
312 706937.736196319
313 832496.6721311476
314 1225860.217647059
315 1323330.544117647
316 1335598.5102040817
317 710494.6319444445
318 1221783.1721854305
319 923045.7577639752
320 841752.5
321 1280848.950310559
322 1112178.5705882353
323 1091059.9586206896
324 880657.8021390374
325 1312143.238095238
326 891742.3037974683
327 1348010.4969325154
328 895706.6496815287
329 1209586.435897436
330 1191547.9487179487
331 1177736.9383561644
332 908984.2582417582
333 1005391.9290322581
334 1263714.8287671234
335 1274743.431372549
336 1134282.7705882352
337 856013.6470588235
338 1043245.75
339 1139272.904109589
340 1106801.493902439
341 1116278.1366906476
342 858070.3985507246
343 1470033.4903225806
344 919598.1974522293
345 1398949.7039106146
346 1270037.688235294
347 1139020.1851851852
348 790620.6573426573
349 1282599.528
350 1401592.2606060605
351 1302317.6496815286
352 920875.6753246753
353 1480496.7423312883
354 1342840.75
355 843291.4444444445
356 1773159.8769230768
357 1374607.0793650793
358 1060218.4606060607
359 1181037.259493671
360 1672208.593548387
361 1269970.6242038216
362 1114649.551948052
363 1252192.9668874172
364 1323485.1653543308
365 1270825.070921986
366 995918.6711409396
367 1335432.786585366
368 1157255.3176470587
369 955178.4656084656
370 1519013.9025974027
371 1312583.100671141
372 1218761.0065789474
373 1399116.201183432
374 1520578.2260273972
375 886937.1486486486
376 960620.9236641221
377 1153912.4528301887
378 1233087.3931034482
379 1564839.638888889
380 1139678.2837837837
381 1006484.8965517242
382 1441385.5257142857
383 1119361.2105263157
384 1159428.6028368794
385 1188832.2925170069
386 1145862.195945946
387 1324545.182389937
388 1823875.3012820513
389 1409658.5632183908
390 1173206.8597560977
391 1046850.2352941176
392 1666296.0289855073
393 1605010.3931034482
394 1159198.719745223
395 1122066.5
396 1545079.9212121211
397 1288776.780487805
398 1413894.3128834355
399 1135027.7636363637
400 1379357.2746478873
401 1454860.1621621621
402 1091436.838028169
403 1608392.7919463087
404 1526273.6158536586
405 1570335.5161290322
406 1119345.74251497
407 1135553.7324840764
408 921832.5769230769
409 1610743.5347222222
410 1361789.5705882353
411 1511448.2155688624
412 1221747.4782608696
413 1226571.6705882354
414 1182885.9594594594
415 1011475.5493827161
416 1092252.1494252873
417 1331229.0858895706
418 1293242.1460674158
419 1301562.3063583814
420 1449164.981595092
421 1691512.1194968554
422 1274331.3167701864
423 1408305.1468531468
424 1265458.7579617833
425 1602374.2857142857
426 1340076.551020408
427 1706255.9871794872
428 1881802.182795699
429 1473686.0538922155
430 1150656.8513513512
431 1399427.1744966444
432 1867365.1098265897
433 1499619.918367347
434 1234616.8451612904
435 1193996.6845238095
436 1211452.9206349207
437 1371308.4225352113
438 1294974.0
439 1548909.1592356688
440 1112251.5238095238
441 1847740.2929936305
442 1056703.5408805031
443 1339401.4503311259
444 1503120.872611465
445 1357700.512987013
446 1406101.070921986
447 1474700.7943262411
448 1380926.3333333333
449 1606503.6818181819
450 1173630.5214723926
451 1520991.323699422
452 1855553.4965517242
453 1532251.4675324676
454 1512165.8832116788
455 1464340.7919463087
456 1287013.7251461989
457 1715235.6263736263
458 1812536.9097222222
459 1492142.3720930233
460 1598117.347826087
461 1297456.28125
462 1966660.7394366197
463 1448294.8620689656
464 1431387.4309392264
465 1514451.3617021276
466 1457354.7181208055
467 974790.4659090909
468 1498345.9038461538
469 1788645.6797752809
470 1455369.1785714286
471 1597425.2413793104
472 1523609.2894736843
473 998157.6214285714
474 1263263.2763157894
475 1412813.709090909
476 1657958.420118343
477 1673342.3294797689
478 1691687.1849710983
479 1923783.524822695
480 1479332.577181208
481 1587145.5170068026
482 1407436.2833333334
483 1513238.6054421768
484 1123078.2318840579
485 1855691.0
486 1357832.322147651
487 1648320.4191616767
488 1621810.6666666667
489 2077806.3470588236
490 1548023.3513513512
491 1675526.2129032258
492 1523629.9119496855
493 2010541.4038461538
494 1812050.827160494
495 2245922.3375
496 1628102.5104895106
497 1503534.2741935484
498 1749501.2613636365
499 1637290.8679245282
500 1715041.3895348837
501 1198925.1333333333
502 1909559.9553072625
503 1811847.4171779142
504 1697660.6331360948
505 1599351.6644295303
506 1598240.302197802
507 1718802.6770186336
508 1572165.5279503106
509 1890071.91875
510 1488217.7300613497
511 1999716.7465753425
512 1776011.3719512196
513 1412542.2899408285
514 1779939.3734177216
515 1203701.7293233082
516 2341379.862318841
517 1491153.7610062894
518 1900347.40625
519 1477411.1418918918
520 2295109.5172413792
521 1906465.3456790124
522 2226281.201298701
523 2542782.491017964
524 1810943.7612903225
525 1817775.8424242425
526 1929282.0154639175
527 1728110.282352941
528 2623324.0127388537
529 1604630.6554054054
530 1448480.8554216868
531 1182182.594936709
532 1795445.48502994
533 2055673.2095808382
534 2169348.1075949366
535 1785765.015625
536 1592465.4502923978
537 1429174.0583941606
538 2310967.636904762
539 2271790.616883117
540 1974396.9014084507
541 1733228.0503144653
542 1787749.8028169014
543 1752542.455782313
544 1302881.6524390243
545 1811400.705882353
546 1300007.2297297297
547 1883653.5855263157
548 2347644.2317073173
549 1279868.5040650407
550 2305515.801242236
551 2240758.572327044
552 1510283.0445859872
553 2472026.1610738253
554 2047406.472392638
555 1924477.8260869565
556 2244751.1839080458
557 1711334.9807692308
558 2285613.581005587
559 2148859.5279503106
560 2408153.574074074
561 1707306.7515151515
562 1684202.6304347827
563 1779750.2597402597
564 2237254.811594203
565 2057106.536231884
566 1685469.3733333333
567 2218929.265060241
568 1946423.4154929577
569 1435133.0653594772
570 2556597.5125
571 1591861.968553459
572 2020341.4705882352
573 3728976.3430656935
574 1615278.5664335664
575 1894949.0523255814
576 1735879.6419753085
577 2432684.5
578 1801623.5740740742
579 1777220.2857142857
580 2081681.6257668713
581 2069268.0733333332
582 2263230.3703703703
583 1716976.7763157894
584 2493672.6433121017
585 2212459.4125874126
586 3177172.3949044584
587 2258191.265822785
588 1863756.3422459892
589 3138565.858108108
590 2460701.8853503186
591 2305130.5375722544
592 2060504.9289340102
593 2435514.1265822784
594 2482187.678082192
595 2341318.45323741
596 2620713.6052631577
597 2618459.887640449
598 2114172.087248322
599 2207848.269230769
600 1791431.0384615385
601 1438665.8881987578
602 1892552.6050955413
603 1737960.2450331126
604 1995635.6282051282
605 2151333.5380116957
606 2718604.987012987
607 2069793.4277456647
608 2119058.987012987
609 1510316.45625
610 1734285.655844156
611 2080470.4658385094
612 2331519.1824324327
613 1917414.1893939395
614 2366043.053475936
615 2009609.6708074533
616 1800022.5488721805
617 2478366.261146497
618 2048876.8814814815
619 2077792.1666666667
620 1725911.2
621 1998963.6225165562
622 2076393.4166666667
623 2358828.149659864
624 3060072.284768212
625 1868343.1357142858
626 2010985.62987013
627 2134383.496969697
628 2430722.13125
629 1960242.6012269938
630 2538724.265432099
631 2038842.0877192982
632 2112617.7558139535
633 1748997.6766467066
634 2073267.9375
635 1787773.118881119
636 2367290.9602649007
637 2042166.7162162163
638 2556691.4451219514
639 2224730.0454545454
640 2234723.1013513515
641 1879297.5102040817
642 2613192.7612903225
643 1894670.2307692308
644 1664673.6589595375
645 2405469.6298701297
646 3156698.1619718308
647 2101641.762195122
648 2293078.62345679
649 2031780.7549668874
650 1960829.1958041957
651 2336381.0828025476
652 2354272.895424837
653 1684461.3178807946
654 2179011.1741935485
655 2991319.0670731706
656 2314475.0743243243
657 2322683.6554054054
658 2640915.5
659 2558588.6518987343
660 2038712.28
661 2736550.2678571427
662 2666684.710526316
663 3304991.0064102565
664 3176169.078125
665 2254601.195402299
666 2148811.299363057
667 2354839.79020979
668 3587625.779761905
669 3575400.3410852714
670 2317476.329113924
671 2215576.5857142857
672 1980740.0555555555
673 2248034.5680473372
674 1738600.6618705036
675 2137394.2662721896
676 3495108.6535947714
677 2498392.99375
678 2579619.925
679 2387195.7419354836
680 4195526.832258064
681 2597914.1472392636
682 2811558.95505618
683 1855998.719512195
684 2454285.8620689656
685 2260736.048780488
686 3013834.1180555555
687 2069670.3591549296
688 3153064.475177305
689 2178824.463235294
690 2805026.7086092713
691 3386339.585526316
692 2211309.43373494
693 2680924.288043478
694 3862991.0116959065
695 2436123.22875817
696 2279291.326923077
697 2040358.9810126582
698 2916052.377483444
699 3085533.577922078
700 3961180.0647482015
701 2135702.1463414636
702 1924428.6781609196
703 2359714.0248447205
704 2284971.7843137253
705 2646639.04964539
706 2455281.595588235
707 3553724.343283582
708 2189583.5562913907
709 2022115.361111111
710 3580438.486666667
711 2379050.5760869565
712 4443481.872611465
713 2172468.8074534163
714 3298800.95483871
715 2814342.523809524
716 3941851.2147651007
717 2476595.932885906
718 2547643.8698630137
719 2473060.5060975607
720 2340797.687898089
721 2583479.6013071896
722 2230961.4437086093
723 3466380.817518248
724 2361251.432748538
725 2782207.0898876404
726 4631035.517045454
727 2856896.614379085
728 1990204.1597222222
729 2455653.4237288134
730 2869608.0535714286
731 2372105.352601156
732 3096760.431693989
733 2585998.7382550337
734 3025982.6285714284
735 2321303.9295774647
736 2035572.5549132947
737 2813010.8571428573
738 2254432.635135135
739 3529436.3928571427
740 1890143.5649350649
741 3381468.803030303
742 2163308.9704142013
743 2551317.7085714284
744 3257198.397515528
745 2659147.4437086093
746 2711266.3411764707
747 2212991.8220858895
748 3106433.703703704
749 3028590.7548387097
750 2524975.880794702
751 3614787.810126582
752 4780393.37804878
753 4978794.20979021
754 2382364.05625
755 4751632.080536913
756 2566520.961038961
757 3121526.9307692307
758 3862012.1103896103
759 3735215.4265734265
760 4675857.609756097
761 2870521.596153846
762 3779480.1818181816
763 2792347.1555555556
764 3145313.7688172045
765 2410996.697986577
766 2450174.950617284
767 2312995.5347593585
768 2524271.976047904
769 2607051.9182389937
770 2344657.4101123596
771 4148748.689873418
772 2706278.3192771086
773 7541981.145569621
774 3826886.7891156464
775 2410100.4935064935
776 2555376.202614379
777 4086156.6279069767
778 2538511.5944055943
779 2963862.125874126
780 2453557.25308642
781 2334443.6961325966
782 7339271.94117647
783 2588146.7364341086
784 4315532.68115942
785 4349553.237762238
786 2481671.5095541403
787 3024278.9813664597
788 2940719.445086705
789 4197717.931506849
790 2616554.9065934066
791 5914722.279411765
792 3949149.355704698
793 4081327.906976744
794 2422845.222222222
795 2762058.649350649
796 3360804.8181818184
797 4441501.01183432
798 6231478.555555556
799 5668328.794326241
800 3196907.7701863353
801 3851243.1914893617
802 2531484.1764705884
803 2624532.403726708
804 3152884.2392638037
805 2298371.4149659863
806 2064715.8076923077
807 2519020.8104575165
808 3323701.0512820515
809 3192695.955974843
810 3850909.7832167833
811 6028352.605442177
812 2705420.8025477706
813 3839529.8839779007
814 3482835.0397350993
815 4814153.413173652
816 3832987.094674556
817 4316132.046783626
818 3344641.25
819 3462027.9717514124
820 6357893.086419753
821 3204033.23943662
822 4931395.444444444
823 2674804.6549707605
824 3153486.9212121214
825 2710901.534090909
826 3576414.2592592593
827 3521872.5843373495
828 2487389.4689265536
829 2456482.7062937063
830 3036256.51552795
831 3123550.9212121214
832 3562562.564417178
833 3666397.9801324503
834 2596631.1233766233
835 3332218.24375
836 4067379.274074074
837 3426323.8757763975
838 6910004.519736842
839 1.4896530044025157E7
840 3598376.2866666666
841 2579252.123529412
842 2730351.171232877
843 4418910.343558283
844 2349398.234939759
845 3443716.7346938774
846 3344596.0454545454
847 4459191.277108434
848 5842501.226666667
849 4138520.0939597315
850 2342680.7515923567
851 6158840.744318182
852 5150413.659863946
853 3445143.7125
854 2991080.418181818
855 3707674.33557047
856 3044971.285714286
857 2795991.0567375887
858 8974986.746575342
859 3821295.6025641025
860 4446998.557971015
861 2643687.6666666665
862 2715751.3333333335
863 5467572.37037037
864 3827618.3165467624
865 3753525.5287958113
866 2979402.6363636362
867 4909123.5
868 8215775.107784431
869 8396404.959302325
870 2505189.814285714
871 1.11937806125E7
872 6060927.4875
873 1.0184230021428572E7
874 3099894.865248227
875 6910420.483870967
876 4711285.253164557
877 5118301.564935065
878 8719171.363636363
879 5592443.910828025
880 4748660.84
881 9452309.231707318
882 4159033.2073170734
883 7691651.898734177
884 1.2468084531034483E7
885 5946899.687022901
886 5412297.70700637
887 4008389.834319527
888 5778360.642857143
889 2759345.425
890 3361697.3076923075
891 1.2894143860759493E7
892 5840718.2044198895
893 3800496.677852349
894 7972033.173184358
895 7479756.282608695
896 4526660.529761905
897 3447855.653846154
898 2723860.2808219176
899 2897171.307142857
900 3398122.888157895
901 1.213693482317073E7
902 9669453.238636363
903 2754333.0140845072
904 1.6611493027777778E7
905 5536666.53125
906 6330661.457317073
907 1.731338181097561E7
908 2753514.5209580837
909 4068782.2397260275
910 1.1433603408536585E7
911 9126716.145348838
912 4989784.509933775
913 3172776.0178571427
914 1.761159531547619E7
915 6943139.18
916 6013353.78343949
917 1.4143135814569537E7
918 3069284.6896551726
919 8676802.588607594
920 2571840.1986754965
921 1.149539875E7
922 4313088.1875
923 2909295.2467532465
924 1.5398458108280255E7
925 9405395.379310345
926 6857320.4941860465
927 3147616.552631579
928 3268415.4606741574
929 7992086.530487805
930 2.3922982173913043E7
931 6458475.763636364
932 7723883.532051282
933 3933750.1117318436
934 1.1887019419753086E7
935 3.9478473366197184E7
936 1.693553567777778E7
937 7574761.74050633
938 4079426.61452514
939 2.040490189808917E7
940 3622931.019230769
941 1.1071513791139241E7
942 1.2836874096385542E7
943 1.773586649375E7
944 3246308.2972972975
945 1.1463944234177215E7
946 5390764.443037975
947 2.6929152055248618E7
948 2.2783140375E7
949 5540459.473372781
950 2698027.527777778
951 2.038730840880503E7
952 4757473.870967742
953 1.2081309609375E7
954 3103545.1854304634
955 3.44414363821656E7
956 1.375431261627907E7
957 9980255.51724138
958 1.0731357422360249E7
959 1.5972353709923664E7
960 5.0675736333333336E7
961 4.9063584307228915E7
962 1.6881596795031056E7
963 2.2311325970760234E7
964 4.3528367189349115E7
965 3890205.4409937887
966 3888281.435064935
967 1.2877288438709678E7
968 2.8447293382165603E7
969 6014359.257861636
970 4733688.175324676
971 1.4735272827586208E7
972 2667908.298245614
973 4.011267534394904E7
974 3382463.522875817
975 4023966.2
976 2.446243399328859E7
977 1.781173810958904E7
978 3.977815361212121E7
979 1.5208564173652695E7
980 3.281909631210191E7
981 1.5037653944444444E7
982 2677998.132075472
983 6286399.461077845
984 3194892.6711409395
985 7708679.602836879
986 1.9758639862275448E7
987 3072789.9192546583
988 7.20946998902439E7
989 3.541930761728395E7
990 4.879268007971015E7
991 4055708.350877193
992 4.472555485211267E7
993 9984048.374269007
994 8441945.434482759
995 1.2432909627218936E7
996 6687176.337579618
997 5.664859473743017E7
998 5749187.60625
999 9165836.315151514
