0, 100; 0, 75, 13
100, 200; 0, 75, 14
200, 300; 0, 75, 15
300, 400; 0, 75, 16
400, 500; 0, 75, 17
500, 600; 0, 75, 18
600, 700; 0, 75, 19
700, 800; 0, 75, 20
0, 100; 75, 150, 21
100, 200; 75, 150, 22
300, 400; 75, 150, 24
200, 300; 75, 150, 23
400, 500; 75, 150, 25
500, 600; 75, 150, 26
600, 700; 75, 150, 27
700, 800; 75, 150, 28
0, 100; 150, 225, 29
100, 200; 150, 225, 30
300, 400; 150, 225, 32
400, 500; 150, 225, 33
200, 300; 150, 225, 31
500, 600; 150, 225, 34
600, 700; 150, 225, 35
700, 800; 150, 225, 36
0, 100; 225, 300, 37
100, 200; 225, 300, 38
200, 300; 225, 300, 39
300, 400; 225, 300, 40
400, 500; 225, 300, 41
500, 600; 225, 300, 42
600, 700; 225, 300, 43
700, 800; 225, 300, 44
0, 100; 300, 375, 45
100, 200; 300, 375, 46
200, 300; 300, 375, 47
300, 400; 300, 375, 48
400, 500; 300, 375, 49
500, 600; 300, 375, 50
600, 700; 300, 375, 51
700, 800; 300, 375, 52
0, 100; 375, 450, 53
100, 200; 375, 450, 54
200, 300; 375, 450, 55
300, 400; 375, 450, 56
400, 500; 375, 450, 57
500, 600; 375, 450, 58
600, 700; 375, 450, 59
700, 800; 375, 450, 60
0, 100; 450, 525, 61
100, 200; 450, 525, 62
200, 300; 450, 525, 63
300, 400; 450, 525, 64
400, 500; 450, 525, 65
500, 600; 450, 525, 66
600, 700; 450, 525, 67
700, 800; 450, 525, 68
0, 100; 525, 600, 69
100, 200; 525, 600, 70
200, 300; 525, 600, 71
300, 400; 525, 600, 72
400, 500; 525, 600, 73
500, 600; 525, 600, 74
600, 700; 525, 600, 75
700, 800; 525, 600, 76
