1 2633.3650793650795
2 2673.7974683544303
3 2692.9347826086955
4 2567.2028985507245
5 142715.7435897436
6 2715.4102564102564
7 2660.8860759493673
8 147476.1625
9 9355.35064935065
10 2668.2625
11 2691.3595505617977
12 2566.614457831325
13 12430.185714285713
14 2609.525641025641
15 8302.405405405405
16 8726.728395061727
17 2611.123076923077
18 21113.666666666668
19 10103.523076923077
20 2628.3977272727275
21 11850.625
22 9372.09375
23 22849.853658536584
24 15644.848101265823
25 2676.4155844155844
26 8364.875
27 15188.90243902439
28 12731.173333333334
29 16274.292307692307
30 24020.66153846154
31 31932.652777777777
32 2701.4305555555557
33 2602.845070422535
34 21867.215384615385
35 14239.27536231884
36 8009.1466666666665
37 9574.157894736842
38 29023.120879120877
39 15662.223684210527
40 11190.511627906977
41 8523.402777777777
42 14469.710144927536
43 8340.265060240963
44 16682.75
45 29194.287671232876
46 8425.864197530864
47 7866.414285714286
48 14963.472972972973
49 22982.867647058825
50 14276.698630136987
51 14730.661764705883
52 7511.170454545455
53 33356.867647058825
54 33893.746268656716
55 23529.636363636364
56 34790.19512195122
57 18283.80769230769
58 30103.402597402597
59 38091.05434782609
60 22507.463768115944
61 10437.680555555555
62 26993.9875
63 35184.457627118645
64 17425.098591549297
65 16473.260416666668
66 45248.07058823529
67 29490.7125
68 14954.358974358975
69 48200.65476190476
70 19765.467741935485
71 12176.989010989011
72 17634.024691358023
73 21069.338028169015
74 21777.884057971016
75 45295.27272727273
76 32182.608108108107
77 18484.26582278481
78 16482.121951219513
79 15078.102272727272
80 23261.584615384614
81 28156.4375
82 46883.529411764706
83 33835.74418604651
84 24639.333333333332
85 30453.8625
86 35469.28571428572
87 13340.20987654321
88 360856.12941176473
89 33166.41379310345
90 32033.191011235955
91 37956.57317073171
92 14625.041666666666
93 35268.60759493671
94 25066.472972972973
95 30107.703125
96 33241.83544303798
97 50710.844155844155
98 56840.40909090909
99 71237.45945945945
100 57788.91860465116
101 86941.8125
102 49040.964705882354
103 16000.265625
104 220117.73846153845
105 35045.07246376811
106 53425.39655172414
107 52258.3908045977
108 57049.677083333336
109 18857.333333333332
110 52036.379746835446
111 48443.479452054795
112 66517.18918918919
113 53978.71232876712
114 31184.314606741573
115 34778.74193548387
116 27648.91780821918
117 49419.0
118 88435.22388059701
119 52325.65517241379
120 58301.2972972973
121 72560.70114942528
122 39648.041666666664
123 57060.60256410256
124 35811.57377049181
125 44692.734375
126 101871.35384615384
127 22357.954545454544
128 57686.50724637681
129 35927.13888888889
130 22271.1884057971
131 59385.276923076926
132 60949.613333333335
133 28031.666666666668
134 39113.53164556962
135 63747.68571428571
136 27017.732394366198
137 67737.71014492754
138 46871.0
139 44766.6
140 51753.96296296296
141 53145.256097560974
142 64165.90666666667
143 65910.46341463414
144 46079.03333333333
145 33896.943181818184
146 30748.140845070422
147 46714.2987012987
148 1308939.4788732394
149 59378.625
150 53520.97222222222
151 83220.67469879518
152 27418.0
153 72022.8947368421
154 34636.77922077922
155 62341.666666666664
156 60487.359375
157 49638.07575757576
158 72083.84285714285
159 45448.32894736842
160 59755.01234567901
161 77954.078125
162 62942.77108433735
163 44718.07142857143
164 420768.85185185185
165 62821.94594594595
166 74379.908045977
167 57312.11627906977
168 27025.825581395347
169 39881.58904109589
170 35999.09589041096
171 31850.23287671233
172 37200.15873015873
173 52054.243902439026
174 62993.76829268293
175 63921.87301587302
176 93145.9696969697
177 62079.11494252874
178 78608.16176470589
179 132701.88571428572
180 42916.58536585366
181 92471.37037037036
182 70538.36363636363
183 59546.38961038961
184 55289.21212121212
185 87476.68115942029
186 57330.49275362319
187 41797.40909090909
188 49105.55421686747
189 70327.1081081081
190 28907.5
191 17530.688524590165
192 92939.6511627907
193 66122.47777777778
194 100089.0
195 60112.209677419356
196 76293.85294117648
197 99284.9540229885
198 96724.1506849315
199 27040.66153846154
200 104101.19047619047
201 64353.11111111111
202 55537.06578947369
203 108222.05747126437
204 70527.5
205 39077.3375
206 55786.957746478874
207 61843.7972972973
208 35607.16091954023
209 190477.8448275862
210 69646.65753424658
211 63648.639344262294
212 81800.56097560975
213 92928.35897435897
214 102962.23809523809
215 50006.62195121951
216 85977.27710843373
217 104920.33766233767
218 78845.33783783784
219 111787.29411764706
220 76588.75609756098
221 39300.457627118645
222 67342.45714285714
223 93085.45945945945
224 44880.640625
225 61133.05479452055
226 75548.22222222222
227 64191.56962025316
228 113009.0
229 65121.409638554214
230 88624.21428571429
231 64415.44
232 108256.14285714286
233 79417.2131147541
234 62365.014285714286
235 68588.25
236 159476.77333333335
237 68465.01298701299
238 147734.75
239 85135.0945945946
240 92934.92592592593
241 81352.7469879518
242 104840.8947368421
243 68405.22413793103
244 75527.80555555556
245 106231.27777777778
246 306129.2181818182
247 82933.62162162163
248 104510.45
249 23588.788732394365
250 77245.18461538461
251 46468.041666666664
252 65997.93975903615
253 93078.85714285714
254 127753.025
255 58706.12987012987
256 56260.619047619046
257 115096.79487179487
258 116708.47368421052
259 95723.28
260 73508.57142857143
261 99554.05
262 81636.96470588235
263 73760.60273972603
264 68028.65384615384
265 87653.70370370371
266 91509.74285714286
267 110107.16666666667
268 102791.53125
269 105272.82278481012
270 118837.84285714285
271 131193.12
272 123566.36206896552
273 132191.875
274 80272.25
275 76728.80722891567
276 65375.693333333336
277 112227.95061728395
278 127285.78260869565
279 95895.2875
280 118154.98484848485
281 97251.8
282 86397.82051282052
283 58586.637931034486
284 48202.903225806454
285 85300.54285714286
286 73219.1875
287 106231.4375
288 82885.28787878787
289 142091.234375
290 73373.89285714286
291 100302.98529411765
292 89654.12328767123
293 103741.35294117648
294 83643.206185567
295 74006.57142857143
296 127736.6625
297 96321.47435897436
298 137173.125
299 105694.08333333333
300 115628.4705882353
301 114848.86585365854
302 115686.84126984127
303 58928.69841269841
304 65430.929824561405
305 116737.0
306 143902.6329113924
307 116688.04477611941
308 104548.80821917808
309 92070.01333333334
310 154100.69620253163
311 57138.49397590361
312 101760.70967741935
313 113826.80722891567
314 129068.0895522388
315 126625.25373134328
316 89222.95890410959
317 127365.77333333333
318 137383.62903225806
319 126104.37037037036
320 117520.33333333333
321 145504.0588235294
322 108887.13793103448
323 125646.87096774194
324 127759.85074626865
325 171284.63076923077
326 91306.01315789473
327 1097940.7671232878
328 132760.14285714287
329 125142.72463768115
330 137279.58024691357
331 107157.17910447762
332 120891.6119402985
333 86383.7435897436
334 101441.29824561403
335 132883.54794520547
336 179773.09722222222
337 121578.56756756757
338 138946.88732394367
339 123135.1294117647
340 160649.57894736843
341 113847.27906976744
342 142135.22352941177
343 78559.29487179487
344 257802.18644067796
345 134290.8309859155
346 152005.25396825396
347 128425.32432432432
348 120339.27160493827
349 93729.37837837837
350 91638.51282051283
351 112337.18918918919
352 148906.87179487178
353 136571.72151898735
354 109183.40506329114
355 132731.63157894736
356 99605.13333333333
357 170697.59493670886
358 71948.80281690141
359 126289.125
360 124066.67532467532
361 110670.31081081081
362 144018.1875
363 111202.140625
364 84930.20512820513
365 126463.21590909091
366 116227.34722222222
367 115828.80597014926
368 145754.1294117647
369 120165.36111111111
370 152178.95505617978
371 164095.8108108108
372 142567.89655172414
373 150566.23333333334
374 122767.81609195402
375 158432.64615384614
376 128534.0
377 89333.22666666667
378 125955.95945945945
379 114395.93846153846
380 126922.825
381 162547.4835164835
382 127944.18181818182
383 154266.94285714286
384 130996.97142857143
385 118916.28235294118
386 123808.41791044777
387 84013.84507042254
388 109757.04761904762
389 141408.23287671234
390 170776.38157894736
391 174317.03896103895
392 152956.64864864864
393 164819.2676056338
394 119028.84210526316
395 165558.89333333334
396 107923.0625
397 138448.6338028169
398 177491.72151898735
399 106878.92647058824
400 182822.19696969696
401 153623.39344262294
402 157509.84146341463
403 203201.5054945055
404 124269.17647058824
405 146651.74074074073
406 183005.31147540984
407 156069.02352941176
408 202274.6231884058
409 134034.60714285713
410 150430.95945945947
411 207219.27027027027
412 182064.12676056338
413 125752.5
414 183594.5
415 184617.11627906977
416 199514.01694915254
417 164223.2142857143
418 129975.97333333333
419 181894.7142857143
420 249930.8
421 195822.25
422 157491.8
423 139359.77631578947
424 107428.52380952382
425 129863.5352112676
426 147065.40277777778
427 165242.0
428 151135.59420289856
429 179692.3086419753
430 165247.0153846154
431 157312.85294117648
432 161150.25333333333
433 136737.58
434 175098.97260273973
435 176174.578125
436 159228.45614035087
437 176389.10447761195
438 128316.92647058824
439 158926.5671641791
440 159292.31343283583
441 145078.1038961039
442 111140.01408450704
443 113043.85294117648
444 143015.54545454544
445 110454.64
446 146088.5909090909
447 102106.3294117647
448 150650.03174603175
449 153359.19753086418
450 164325.1923076923
451 134740.98684210525
452 191728.03658536586
453 126027.27631578948
454 168839.67272727273
455 129537.3375
456 194948.35211267605
457 168111.09722222222
458 166997.26865671642
459 137695.67164179104
460 173830.75
461 180099.27272727274
462 118773.21428571429
463 177316.37313432837
464 145277.1
465 147706.76543209876
466 143375.46376811594
467 164402.7191011236
468 195931.25925925927
469 179526.92857142858
470 230192.20547945207
471 164290.79104477612
472 211627.58571428573
473 162818.2911392405
474 174484.5
475 186474.27631578947
476 120849.55405405405
477 171421.69444444444
478 165898.04411764705
479 163813.390625
480 142216.57627118644
481 138843.43076923076
482 150460.66666666666
483 143701.98611111112
484 180239.8918918919
485 192496.06756756757
486 136338.3918918919
487 133459.35897435897
488 198641.84
489 171176.04705882352
490 158264.9375
491 139197.9625
492 159660.32876712328
493 174774.34615384616
494 185964.2409638554
495 351031.202247191
496 155817.8051948052
497 258061.9393939394
498 171394.28205128206
499 194515.96
500 143977.0350877193
501 148836.88372093023
502 190245.859375
503 162575.7014925373
504 173173.8987341772
505 174694.61428571428
506 153087.24637681158
507 204163.63636363635
508 301885.98245614034
509 236653.475
510 201323.31645569621
511 175925.53521126762
512 136142.1081081081
513 152030.34782608695
514 205232.515625
515 191920.6081081081
516 210858.6393442623
517 173736.46575342465
518 191787.3606557377
519 183787.36
520 180461.0350877193
521 199570.77777777778
522 147658.87323943662
523 171624.36111111112
524 166418.11111111112
525 168393.43243243243
526 168713.21348314607
527 187643.88333333333
528 243437.3563218391
529 171025.98484848486
530 208887.9135802469
531 197321.57692307694
532 265342.19402985077
533 196961.66176470587
534 199964.75342465754
535 179312.0
536 182713.83582089553
537 211262.59574468085
538 290225.4090909091
539 181373.94736842104
540 230529.11627906977
541 152781.6891891892
542 309156.38095238095
543 174284.4090909091
544 199892.39024390245
545 199629.4939759036
546 150051.01351351352
547 206290.94505494504
548 157578.34782608695
549 160653.06666666668
550 250037.92537313432
551 237526.4705882353
552 194015.13636363635
553 135894.77922077922
554 176382.7857142857
555 163793.5060240964
556 173685.07352941178
557 209196.17460317462
558 185935.27848101265
559 191500.91780821918
560 240654.31578947368
561 312641.8461538461
562 185560.30434782608
563 186100.9605263158
564 210781.04109589042
565 150517.9411764706
566 182177.22077922078
567 164451.17142857143
568 267863.3333333333
569 280894.58974358975
570 212830.63636363635
571 190123.34426229508
572 248091.86363636365
573 254630.2972972973
574 189791.2794117647
575 228415.01428571428
576 158386.22727272726
577 216870.54054054053
578 245350.45454545456
579 214818.7794117647
580 194632.8
581 244375.09677419355
582 213298.03636363638
583 211748.6567164179
584 218657.25675675675
585 179602.0819672131
586 238097.91549295775
587 170246.27142857143
588 199824.68055555556
589 202793.7619047619
590 191481.81818181818
591 162292.25396825396
592 213312.84705882354
593 161899.29577464788
594 251946.2985074627
595 251141.27142857143
596 209806.9
597 206935.64285714287
598 217006.72727272726
599 218304.38235294117
600 205871.4935064935
601 224514.65
602 283109.4574468085
603 210187.90526315788
604 195986.39393939395
605 233415.41025641025
606 235449.72727272726
607 214872.15873015873
608 242991.81176470587
609 205038.77333333335
610 254919.2
611 342932.7121212121
612 215117.02325581395
613 240158.43181818182
614 219449.01612903227
615 219969.0989010989
616 220472.23076923078
617 210967.48648648648
618 193735.38805970148
619 227796.5064935065
620 354455.4197530864
621 213965.2602739726
622 246193.13513513515
623 217636.6811594203
624 195987.83561643836
625 286043.16438356164
626 198576.40789473685
627 225804.57142857142
628 206722.76923076922
629 233249.24390243902
630 268090.86419753084
631 364646.4761904762
632 212365.85897435897
633 236246.26388888888
634 210471.578125
635 263750.04285714286
636 157882.73170731709
637 228522.1095890411
638 190580.223880597
639 577855.1690140845
640 334522.8088235294
641 171747.81944444444
642 213907.82142857142
643 235424.48684210525
644 226554.23170731709
645 267042.156626506
646 220007.5487804878
647 236654.0128205128
648 214985.1170212766
649 281236.8484848485
650 244701.1884057971
651 374578.9885057471
652 312652.8358208955
653 185520.28358208956
654 258449.61
655 471344.3076923077
656 251097.92857142858
657 237027.6911764706
658 204858.4935064935
659 167404.80357142858
660 235569.5072463768
661 251972.0
662 217472.6301369863
663 427957.4029850746
664 233304.61111111112
665 258407.8
666 202315.01515151514
667 209147.125
668 215882.49315068492
669 267821.9756097561
670 195646.54054054053
671 204288.60294117648
672 157673.0
673 280298.0273972603
674 221194.53968253967
675 205045.74324324325
676 254162.0
677 238707.921875
678 248186.0
679 233815.09677419355
680 196487.47297297296
681 404580.5416666667
682 281628.20588235295
683 225710.44
684 232206.08955223882
685 231667.843373494
686 251015.85057471265
687 238392.35714285713
688 225801.34939759035
689 335476.26153846155
690 235631.796875
691 239618.61627906977
692 234986.46153846153
693 266812.65277777775
694 270725.0266666667
695 256797.27027027027
696 228814.84146341463
697 280636.4411764706
698 236109.5357142857
699 274956.71875
700 289093.85714285716
701 330289.4605263158
702 537508.1166666667
703 173694.22222222222
704 258899.08860759492
705 239026.24242424243
706 365213.0138888889
707 256307.68055555556
708 263026.0540540541
709 229094.90322580645
710 256949.4
711 225448.73611111112
712 232008.36
713 249098.05970149254
714 203516.51428571428
715 195150.8780487805
716 246844.0338983051
717 332266.0568181818
718 220704.80898876404
719 223749.02816901408
720 240324.89393939395
721 238871.05208333334
722 259755.97297297296
723 567606.3921568628
724 235748.20895522388
725 274023.27777777775
726 248532.75862068965
727 189874.53424657535
728 267841.525
729 369781.58974358975
730 279452.2878787879
731 296337.81481481483
732 323967.28571428574
733 352171.3432835821
734 190029.50793650793
735 632623.5
736 231767.79746835443
737 228787.16216216216
738 256930.0303030303
739 595159.1518987342
740 260688.4375
741 286174.35135135136
742 264157.92063492065
743 228011.5061728395
744 215904.84615384616
745 279268.2804878049
746 234437.0
747 486132.79365079367
748 236559.49367088606
749 271726.9736842105
750 215210.64
751 219329.3188405797
752 367379.67647058825
753 437983.7710843373
754 275959.3561643836
755 592965.2027027027
756 331963.64634146343
757 275877.67415730335
758 237903.23376623375
759 542013.90625
760 247663.1
761 213845.36111111112
762 493086.45588235295
763 349894.45070422534
764 225064.61194029852
765 269539.89743589744
766 252044.60975609755
767 238993.43055555556
768 347977.3647058823
769 328902.3116883117
770 198780.80821917808
771 275694.54901960783
772 271026.988372093
773 247073.28358208956
774 650012.9189189189
775 275058.06451612903
776 508220.17333333334
777 231325.57894736843
778 267282.488372093
779 231229.91780821918
780 258035.7341772152
781 296505.27692307695
782 454789.15476190473
783 258841.72602739726
784 259788.7323943662
785 235829.01408450704
786 368955.1830985916
787 328717.7733333333
788 278783.7816091954
789 265199.33928571426
790 257409.51666666666
791 412819.8658536585
792 264714.8888888889
793 450653.0307692308
794 305632.6883116883
795 275916.58108108107
796 264092.74074074073
797 665387.9571428571
798 428239.05
799 354174.39705882355
800 357459.85135135136
801 482959.1971830986
802 251456.42424242425
803 250531.77333333335
804 401075.7704918033
805 250649.183908046
806 451151.5753424658
807 560644.2530120482
808 686671.265060241
809 303905.3870967742
810 292704.1060606061
811 490700.3048780488
812 682465.904109589
813 283153.95774647885
814 258198.81818181818
815 282506.94666666666
816 478425.0
817 245096.21739130435
818 229958.18666666668
819 262883.231884058
820 266960.1746031746
821 393942.2894736842
822 246175.66666666666
823 337024.38356164383
824 225377.69736842104
825 374598.5507246377
826 261172.32954545456
827 287127.3209876543
828 523230.77777777775
829 641031.0394736842
830 279896.462962963
831 502768.95238095237
832 491432.8823529412
833 322613.4556962025
834 265604.7195121951
835 279677.6447368421
836 267863.29761904763
837 282280.7123287671
838 290867.2051282051
839 283511.97142857144
840 1727960.65
841 522686.5789473684
842 349189.94520547945
843 260861.84705882354
844 359008.3783783784
845 301372.5606060606
846 302357.1964285714
847 269008.97297297296
848 243209.0153846154
849 265454.338028169
850 284783.5731707317
851 258908.85714285713
852 736386.1754385965
853 374100.27397260274
854 393466.40845070424
855 1080497.3414634147
856 296340.2266666667
857 266032.2580645161
858 326655.17647058825
859 296371.3559322034
860 590655.6
861 275334.21428571426
862 299161.4074074074
863 281862.4235294118
864 936989.2857142857
865 482569.6964285714
866 257310.14864864864
867 412318.08860759495
868 322964.64285714284
869 2038453.0289855073
870 386705.7076923077
871 293040.038961039
872 289652.6285714286
873 343062.3333333333
874 306327.61842105264
875 272445.9589041096
876 207404.1739130435
877 303457.6153846154
878 2295563.565217391
879 423913.1230769231
880 285446.7272727273
881 1314546.1630434783
882 327025.9016393443
883 302408.7922077922
884 275649.58108108107
885 1141167.2857142857
886 306321.21875
887 339285.2021276596
888 305862.2876712329
889 290621.27536231885
890 303685.8769230769
891 313897.76470588235
892 569780.6111111111
893 271016.53571428574
894 300159.29333333333
895 1281334.3076923077
896 251086.35135135136
897 440398.65753424657
898 256509.15789473685
899 340008.0114942529
900 296453.60869565216
901 255517.7951807229
902 298435.1951219512
903 947685.1428571428
904 2628497.8493150687
905 1194572.7534246575
906 265302.9864864865
907 245008.3108108108
908 308955.6923076923
909 318209.0
910 307471.5340909091
911 525062.743902439
912 290581.47826086957
913 326653.8915662651
914 314148.575
915 1775217.038961039
916 327977.4266666667
917 308314.02857142856
918 1711856.844155844
919 297340.8474576271
920 321413.0
921 437278.652173913
922 348377.406779661
923 283912.91549295775
924 1603854.1927710844
925 294841.4520547945
926 304204.65573770495
927 332644.39705882355
928 297000.50666666665
929 1613043.7777777778
930 311894.578125
931 291491.9638554217
932 329047.537037037
933 413365.9726027397
934 273013.25373134325
935 285641.17142857146
936 7465153.52631579
937 329827.28
938 5236893.641791045
939 725714.7590361446
940 249839.15789473685
941 743855.8311688312
942 313669.961038961
943 316782.86363636365
944 1957416.6625
945 1304262.8985507246
946 294572.59722222225
947 7817023.184615385
948 4769564.619047619
949 6991847.475
950 339052.17910447763
951 2526917.9493670887
952 329513.85333333333
953 322888.3108108108
954 1.487650443939394E7
955 4614895.893333334
956 308925.9672131148
957 2396473.6447368423
958 5083868.24590164
959 336723.4175824176
960 1934817.2753623188
961 298848.59550561797
962 308571.8
963 1900141.6538461538
964 312160.8611111111
965 4322107.716049382
966 257667.15873015873
967 293197.6666666667
968 2700137.7
969 558868.0375
970 349383.9344262295
971 305280.22093023255
972 855214.5194805195
973 338886.15873015876
974 929094.077922078
975 2912487.6506024096
976 344668.87012987013
977 4297406.7534246575
978 349427.22641509434
979 321543.82608695654
980 3978848.2328767125
981 2154038.2278481014
982 397992.6041666667
983 314985.41538461536
984 6.2983365952380955E7
985 305019.2794117647
986 331743.69333333336
987 2.1031356337349396E7
988 4492549.109375
989 6130792.264367816
990 5887454.384615385
991 280646.25
992 342921.3661971831
993 334664.3085106383
994 6.858299636363636E7
995 6933963.743902439
996 340813.8615384615
997 452544.4324324324
998 368181.7428571429
999 324697.141025641
