1 2663.1216216216217
2 2457.675
3 2523.0281690140846
4 7620.914634146341
5 2796.6823529411763
6 2346.1975308641977
7 8784.258823529412
8 8928.068493150686
9 2451.32
10 9069.764705882353
11 2467.3023255813955
12 7858.432989690722
13 11416.79797979798
14 2442.46875
15 2467.25641025641
16 9468.211267605633
17 14100.741573033707
18 9238.207792207791
19 30644.607594936708
20 9328.625
21 2554.4871794871797
22 2422.764705882353
23 18493.09375
24 2546.919191919192
25 9562.093333333334
26 2411.054794520548
27 8427.231707317073
28 7134.923076923077
29 15987.059701492537
30 6783.761904761905
31 21340.02380952381
32 19862.22077922078
33 13967.177777777777
34 46051.19047619047
35 13471.54347826087
36 19274.963855421687
37 21755.219047619048
38 2402.8987341772154
39 2661.4931506849316
40 32796.51807228916
41 24686.395061728395
42 15607.756756756757
43 12952.25
44 21656.191489361703
45 24325.920792079207
46 20175.6
47 8974.582417582418
48 9752.012658227848
49 21769.53086419753
50 48659.17721518988
51 20485.471264367818
52 32311.70731707317
53 26499.170454545456
54 18971.03092783505
55 19245.663366336634
56 10117.0
57 55888.4025974026
58 80136.92405063291
59 24177.116883116883
60 13860.613333333333
61 32575.78947368421
62 36775.88888888889
63 8065.025
64 31926.044776119405
65 32362.52808988764
66 13665.224719101123
67 8706.013513513513
68 35129.59459459459
69 35896.09333333333
70 56173.06896551724
71 36607.572916666664
72 30534.459770114943
73 71443.72839506173
74 41737.46428571428
75 8768.263157894737
76 26751.47311827957
77 18676.956521739132
78 84891.98550724638
79 43191.82352941176
80 50041.6
81 24849.284090909092
82 27206.582089552237
83 48302.44927536232
84 29328.911111111112
85 9275.589041095891
86 21174.342465753423
87 47349.55319148936
88 29493.717647058824
89 8901.256756756757
90 35833.59782608696
91 23668.945054945056
92 43329.68539325843
93 31780.01204819277
94 18216.43181818182
95 22426.43956043956
96 26545.585365853658
97 49223.454545454544
98 61242.35632183908
99 33313.91208791209
100 61597.97959183674
101 50946.98717948718
102 43423.544444444444
103 37296.85333333333
104 31847.01111111111
105 83560.6170212766
106 32391.634146341465
107 25543.79761904762
108 36168.40625
109 41783.46666666667
110 47722.6301369863
111 38286.40740740741
112 55085.74698795181
113 69932.42352941177
114 34252.0875
115 58245.3125
116 47157.065217391304
117 33839.148514851484
118 34247.56976744186
119 86515.7625
120 67237.18072289157
121 84826.86666666667
122 69681.64210526316
123 50506.18571428571
124 72347.48051948052
125 31895.346153846152
126 42412.51190476191
127 49326.26666666667
128 44290.891304347824
129 36176.09459459459
130 47813.354430379746
131 41771.1797752809
132 58347.60227272727
133 32815.58441558442
134 76393.27777777778
135 99031.26760563381
136 71647.01204819277
137 64899.03636363636
138 64914.40506329114
139 43478.5974025974
140 34224.65957446808
141 54061.73134328358
142 55309.455882352944
143 52509.37209302326
144 175228.7912087912
145 66877.0
146 56426.83529411765
147 36564.08
148 71746.03797468354
149 66832.08219178082
150 89130.31081081081
151 60107.42465753425
152 64266.16216216216
153 52307.49333333333
154 87783.21052631579
155 45880.168831168834
156 75654.51351351352
157 69671.60674157304
158 87003.65
159 62984.769230769234
160 49585.375
161 89784.07291666667
162 30401.277777777777
163 41682.78947368421
164 61128.72340425532
165 103244.71264367815
166 119414.20731707317
167 67436.21917808219
168 68828.61320754717
169 87816.24489795919
170 69151.88043478261
171 74782.90361445783
172 53152.05
173 72893.39795918367
174 83056.29629629629
175 80084.35294117648
176 85303.30120481928
177 72440.8762886598
178 182109.9125
179 111960.55555555556
180 84902.54022988505
181 89744.45205479451
182 114308.87671232877
183 75827.88607594937
184 83625.06153846154
185 96447.65853658537
186 86599.06896551725
187 92303.43137254902
188 73954.45238095238
189 101458.41463414633
190 56004.333333333336
191 39736.843373493975
192 97453.66666666667
193 33340.92941176471
194 111037.85185185185
195 118050.21951219512
196 83022.44736842105
197 80537.1875
198 64745.32876712329
199 84602.06451612903
200 327496.7875
201 118767.39024390244
202 98375.20779220779
203 98143.77333333333
204 206275.5294117647
205 47389.1976744186
206 51101.52112676056
207 118409.67469879518
208 63159.892857142855
209 77779.5890410959
210 91900.0
211 102927.13725490196
212 106490.325
213 70378.62025316455
214 103307.43589743589
215 60231.590361445786
216 129054.90123456791
217 103167.96341463414
218 88998.61956521739
219 93785.85714285714
220 115691.27472527472
221 90281.67777777778
222 121531.98684210527
223 88853.42857142857
224 87532.49438202247
225 226792.64102564103
226 246843.78205128206
227 90335.69411764706
228 134535.90476190476
229 83628.48101265823
230 127725.10588235295
231 103991.84722222222
232 109275.71232876713
233 76093.01111111112
234 141201.32926829267
235 99091.30232558139
236 112986.26153846153
237 60292.97826086957
238 114825.11627906977
239 90671.91176470589
240 101260.5945945946
241 78841.64705882352
242 149964.0684931507
243 106820.89333333333
244 127864.33333333333
245 124985.17808219178
246 120208.07594936709
247 112705.95180722892
248 119372.59154929577
249 119741.62921348315
250 94936.72093023256
251 128717.81818181818
252 115465.06976744186
253 86207.15714285715
254 92525.14754098361
255 91222.89655172414
256 81447.61428571428
257 162050.96739130435
258 111152.75268817204
259 55626.29268292683
260 106400.64367816092
261 113704.68867924529
262 119772.94666666667
263 138941.67088607594
264 89766.22891566265
265 130422.15053763441
266 89659.52307692308
267 91639.56790123456
268 127055.08
269 118370.16417910448
270 92857.84146341463
271 140323.2111111111
272 75617.79452054795
273 111271.64835164836
274 119011.4625
275 137052.68181818182
276 89202.23170731707
277 131176.15584415584
278 110772.30927835051
279 109661.09375
280 90931.08571428571
281 96762.06329113925
282 111301.27906976744
283 134353.87323943662
284 175101.6436781609
285 125639.19587628866
286 119651.17948717948
287 88603.27397260274
288 124462.2375
289 94873.77528089887
290 112789.22826086957
291 114760.8
292 116616.475
293 159124.67567567568
294 152381.22352941177
295 101129.48780487805
296 141332.6075949367
297 211676.15
298 196335.3488372093
299 109792.20930232559
300 129797.70588235294
301 194367.65789473685
302 93413.3125
303 96473.79120879121
304 71858.75
305 141230.34666666668
306 209602.94897959183
307 108887.95
308 151663.6582278481
309 88417.9574468085
310 114353.3947368421
311 145777.06756756757
312 101056.52127659574
313 136557.03
314 159502.50574712644
315 145900.46391752578
316 109647.58666666667
317 87302.0
318 118858.38271604938
319 134614.59701492538
320 257117.4375
321 273229.2894736842
322 128092.20731707317
323 98507.97826086957
324 113596.26041666667
325 137664.14583333334
326 116009.18181818182
327 178329.0888888889
328 144636.3186813187
329 278931.77777777775
330 91581.87209302325
331 98628.12345679013
332 89314.20987654322
333 115827.55405405405
334 110809.49295774648
335 197165.1038961039
336 147158.90666666668
337 141911.60975609755
338 139955.2435897436
339 110971.24705882353
340 184670.81914893616
341 141937.88888888888
342 155699.87179487178
343 148392.4935064935
344 144768.47222222222
345 103863.625
346 154845.92631578946
347 97287.36585365854
348 87624.08860759494
349 149910.175
350 117351.66666666667
351 170687.17460317462
352 127143.6511627907
353 214032.59770114944
354 136979.95294117648
355 159200.1012658228
356 208175.74444444446
357 109615.38888888889
358 86072.74324324324
359 152716.0823529412
360 134131.3125
361 391987.5402298851
362 157400.32467532466
363 210711.04395604396
364 115530.95294117647
365 156724.29591836734
366 116241.58571428571
367 160844.44186046513
368 298017.66315789474
369 176557.22093023255
370 114456.94
371 190022.22093023255
372 129352.98780487805
373 143509.7831325301
374 179975.84615384616
375 127340.52380952382
376 121977.78947368421
377 145354.2098765432
378 208291.72151898735
379 150104.625
380 277472.5888888889
381 121349.09677419355
382 124724.29268292683
383 330533.62352941174
384 107220.21348314607
385 184242.46875
386 272380.93506493507
387 139433.29761904763
388 186991.54430379748
389 158812.25675675675
390 152708.12987012987
391 145485.01
392 218364.01234567902
393 149309.125
394 178547.62337662338
395 308981.34523809527
396 146462.46153846153
397 113680.63736263737
398 122626.09302325582
399 151461.65263157894
400 181460.88505747126
401 200982.6265060241
402 211527.53125
403 177301.90217391305
404 259613.3085106383
405 163066.48648648648
406 115333.92222222222
407 161730.19277108434
408 241156.91780821918
409 146588.73611111112
410 212712.58333333334
411 129550.3625
412 244793.88888888888
413 167478.0101010101
414 132086.55405405405
415 214770.53333333333
416 171307.66216216216
417 167163.15189873418
418 201034.77777777778
419 198256.85714285713
420 190713.60975609755
421 137263.32291666666
422 134614.97647058824
423 190486.8947368421
424 139861.35294117648
425 289935.7978723404
426 142096.06329113923
427 189265.0760869565
428 196597.375
429 334112.525
430 226209.05405405405
431 219798.97802197802
432 149195.28
433 192428.41025641025
434 197569.59550561797
435 137428.7857142857
436 174925.2027027027
437 173302.7906976744
438 195598.67073170733
439 164479.2409638554
440 167780.8620689655
441 149110.69444444444
442 176007.49180327868
443 188132.72448979592
444 144192.27397260274
445 192827.37894736842
446 169296.2837837838
447 181361.1894736842
448 203531.72289156626
449 185402.88732394367
450 133329.32558139536
451 147976.58227848102
452 234283.03658536586
453 194737.7816091954
454 159587.0
455 117600.18181818182
456 161712.96470588236
457 190253.35555555555
458 840588.352112676
459 224885.56756756757
460 248784.6626506024
461 307547.6804123711
462 247813.56164383562
463 531663.1489361703
464 162974.0
465 199096.98076923078
466 190083.95833333334
467 301790.5
468 244515.6625
469 182357.21794871794
470 270165.91489361704
471 281235.0229885057
472 219933.32
473 176527.51807228915
474 126348.24390243902
475 229910.35384615386
476 231964.4805194805
477 193567.1891891892
478 438078.56666666665
479 214742.07894736843
480 187834.01162790696
481 248084.81818181818
482 182250.23595505618
483 145432.25242718446
484 170095.8202247191
485 242901.843373494
486 258086.3
487 255984.0
488 246721.44329896907
489 231066.74285714285
490 168791.5119047619
491 231488.27586206896
492 187332.37142857144
493 303443.3698630137
494 201023.4347826087
495 249466.4712643678
496 310172.5342465753
497 203242.5376344086
498 223083.18181818182
499 208195.92682926828
500 194845.0
501 221843.53333333333
502 195530.02222222224
503 262955.75
504 213075.13333333333
505 201807.2162162162
506 206636.18309859154
507 399192.5975609756
508 355694.16
509 160112.8111111111
510 199437.38636363635
511 493584.81967213115
512 185946.29333333333
513 260503.06944444444
514 270685.734375
515 247116.21978021978
516 250764.49367088606
517 223410.25
518 203337.04
519 264247.49411764706
520 293556.74324324325
521 189917.81914893616
522 182143.54794520547
523 349737.3888888889
524 277442.9418604651
525 168725.76388888888
526 212532.61111111112
527 219103.55294117646
528 271372.5402298851
529 214190.19
530 165757.8924731183
531 171380.94736842104
532 263288.875
533 275202.35802469135
534 335589.3253012048
535 322800.18947368424
536 207437.69696969696
537 229978.05681818182
538 318621.92
539 262036.82432432432
540 219656.35211267605
541 310599.8024691358
542 374530.42307692306
543 232888.51351351352
544 168961.89795918367
545 223953.0923076923
546 285923.1868131868
547 281356.2643678161
548 257771.57303370786
549 285750.9759036145
550 278175.5777777778
551 313773.8556701031
552 201900.31707317074
553 251239.6052631579
554 329686.1710526316
555 201880.67708333334
556 289460.9791666667
557 298175.12
558 261739.55172413794
559 296685.2368421053
560 345307.03225806454
561 292860.7826086957
562 281140.94666666666
563 251884.94897959183
564 560626.4814814815
565 196494.47435897434
566 379430.54761904763
567 257942.50574712644
568 211829.76712328766
569 261976.5
570 160228.68292682926
571 297861.3975903614
572 520225.4794520548
573 293402.4556962025
574 249738.75
575 220379.35064935064
576 144872.18072289156
577 212765.99019607843
578 250293.91463414635
579 263205.72631578945
580 180966.74025974027
581 195962.6
582 293887.63636363635
583 285669.9873417721
584 241070.1625
585 433353.90410958906
586 304928.2162162162
587 300360.6931818182
588 213414.4358974359
589 200132.79761904763
590 226598.19753086418
591 410300.1595744681
592 193719.61842105264
593 217314.1
594 249850.82291666666
595 190509.76404494382
596 271965.0875
597 271901.7011494253
598 294082.9534883721
599 251513.98648648648
600 326105.2471910112
601 273725.6823529412
602 576694.0281690141
603 563010.6338028169
604 217024.17460317462
605 301061.7582417582
606 216975.02564102566
607 471109.406779661
608 256055.18181818182
609 202245.0625
610 283582.75675675675
611 247035.77777777778
612 283211.23170731706
613 423997.4742268041
614 243930.0
615 388264.8333333333
616 442778.6179775281
617 258012.5909090909
618 210589.578313253
619 188840.2875
620 297223.2
621 410554.81395348837
622 312418.77906976745
623 262919.2794117647
624 309442.5975609756
625 279885.6630434783
626 318216.1515151515
627 163840.1780821918
628 240143.33720930232
629 266219.243902439
630 424695.9285714286
631 338696.04938271607
632 542854.1111111111
633 243131.64935064936
634 248213.92857142858
635 325405.9605263158
636 288993.1505376344
637 271388.26086956525
638 332671.2150537634
639 236171.41975308643
640 418705.64864864864
641 261780.64179104476
642 375331.6923076923
643 181723.54545454544
644 285497.50793650793
645 647551.4565217391
646 244404.26086956522
647 279634.9888888889
648 790364.3684210526
649 352197.0487804878
650 345681.8888888889
651 246734.62105263158
652 295795.80821917806
653 303645.32352941175
654 225277.86904761905
655 322988.0689655172
656 720806.7692307692
657 263828.06329113926
658 474127.6212121212
659 511978.6103896104
660 281485.0224719101
661 267880.70930232556
662 262141.02380952382
663 270481.652173913
664 237454.6222222222
665 344793.3956043956
666 225256.36144578314
667 377663.0465116279
668 294763.2427184466
669 399558.9882352941
670 211492.42666666667
671 394643.37333333335
672 293215.82352941175
673 196167.43037974683
674 575620.4197530864
675 231343.56097560975
676 411056.58108108107
677 455992.3561643836
678 271070.34285714285
679 273017.9358974359
680 383234.27777777775
681 358665.4859813084
682 290904.31707317074
683 517224.6712328767
684 273516.48387096776
685 496484.1066666667
686 581048.8205128205
687 727782.8139534884
688 344670.3432835821
689 258876.0
690 394555.9285714286
691 306491.7931034483
692 352917.5119047619
693 319839.5064935065
694 262418.7631578947
695 274834.0326086957
696 403369.61176470586
697 248325.0
698 264983.3623188406
699 224671.8088235294
700 543306.3974358974
701 365428.29069767444
702 536237.0357142857
703 330906.95098039217
704 385247.28089887643
705 330884.53658536583
706 252794.14285714287
707 398374.4776119403
708 301404.2
709 310156.0843373494
710 304013.7380952381
711 534398.0824742268
712 335566.1842105263
713 801804.7530864198
714 314884.49253731343
715 246650.35820895524
716 251692.13698630137
717 409701.6375
718 267255.6630434783
719 348020.78571428574
720 411930.8947368421
721 405041.62025316455
722 313259.11627906974
723 328340.3614457831
724 366819.34146341466
725 255502.01298701297
726 292969.2571428571
727 357493.43956043955
728 346809.21875
729 396488.13095238095
730 366021.0306122449
731 433313.1052631579
732 412370.4606741573
733 704218.6785714285
734 334416.93684210523
735 714262.2625
736 289775.43037974683
737 312997.9285714286
738 801016.9603960396
739 282400.89024390245
740 388594.8461538461
741 553987.3875
742 385168.6538461539
743 1069844.7901234569
744 412765.96774193546
745 292916.3
746 277824.2133333333
747 380835.9583333333
748 241337.39743589744
749 341794.2659574468
750 364058.746835443
751 300584.35714285716
752 407247.2658227848
753 533095.7640449438
754 571010.8904109589
755 217064.70422535212
756 256489.6043956044
757 270958.7614678899
758 476880.23076923075
759 592379.8170731707
760 509929.29347826086
761 285946.85
762 288469.77647058823
763 887931.3783783783
764 325977.1842105263
765 595786.2405063291
766 328671.9659090909
767 364749.7619047619
768 302044.28571428574
769 290421.37209302327
770 280739.29591836734
771 889860.275862069
772 468088.243902439
773 544261.8148148148
774 584630.1875
775 385618.3625
776 607961.9047619047
777 469442.297029703
778 282305.7804878049
779 466136.30379746837
780 360920.0319148936
781 371818.2705882353
782 1336942.844155844
783 580343.8875
784 393454.54736842104
785 400362.756097561
786 446897.19101123593
787 413480.7291666667
788 352824.7951807229
789 252638.51470588235
790 382664.829787234
791 459384.0779220779
792 920911.0666666667
793 322610.98876404495
794 319466.1951219512
795 260193.1294117647
796 351067.4
797 557747.2045454546
798 879364.1234567901
799 407750.17045454547
800 499045.2643678161
801 399042.4166666667
802 318790.3611111111
803 657584.5274725275
804 550151.4320987654
805 322960.23529411765
806 483887.20238095237
807 559873.0119047619
808 461221.6914893617
809 348859.77777777775
810 430880.0581395349
811 507165.0
812 402675.65934065933
813 302772.26829268294
814 372337.3
815 576366.4117647059
816 305463.5306122449
817 289270.3027522936
818 458064.7894736842
819 350039.3010752688
820 414261.4675324675
821 600807.4805194805
822 465059.6582278481
823 1062157.5853658537
824 1011297.9195402298
825 673513.3513513514
826 683559.0
827 452871.48421052634
828 1081105.5543478262
829 306594.84
830 265486.41333333333
831 324211.9259259259
832 352622.98863636365
833 1147982.8333333333
834 1323708.1038961038
835 347284.03225806454
836 788996.6741573034
837 608333.0666666667
838 1085489.6041666667
839 496487.4
840 377042.86813186813
841 1585849.7926829269
842 308843.4285714286
843 335166.7272727273
844 573833.6046511628
845 670458.387755102
846 351142.4861111111
847 389099.7727272727
848 274579.93333333335
849 225657.88333333333
850 589923.0759493671
851 331874.80597014923
852 783966.5531914893
853 289388.39240506326
854 2106906.6666666665
855 451727.1111111111
856 503448.6666666667
857 887748.3
858 1016348.0224719101
859 351438.9875
860 910868.5480769231
861 326130.72093023255
862 369148.80898876407
863 494978.2926829268
864 338594.4747474748
865 285899.3647058823
866 433358.0618556701
867 375746.01470588235
868 396842.50724637683
869 381013.0975609756
870 1062809.2613636365
871 295689.36904761905
872 1141991.5280898877
873 345723.012345679
874 755779.1951219512
875 1477262.6136363635
876 1723408.0125
877 676378.9605263158
878 464791.83561643836
879 312848.68888888886
880 297027.39215686277
881 821698.9204545454
882 308368.44680851063
883 398637.14634146343
884 394230.36363636365
885 1289412.4096385543
886 768074.34375
887 401326.8
888 607357.5326086957
889 613164.4756097561
890 872034.6904761905
891 322482.55
892 1855855.2413793104
893 1563804.7894736843
894 1049821.3375
895 448820.32653061225
896 463412.36363636365
897 1152200.3666666667
898 1731049.7727272727
899 321039.6282051282
900 495866.0416666667
901 4899158.911111111
902 697759.7671232877
903 650702.8450704225
904 1402425.0144927537
905 2348633.685714286
906 689993.768292683
907 2471881.5833333335
908 1671203.8452380951
909 623354.9875
910 886283.2077922078
911 1361981.626506024
912 339683.82795698923
913 550412.975308642
914 2267019.8279569894
915 366576.9315068493
916 558118.9480519481
917 384989.8021978022
918 654782.0361445784
919 786448.1149425288
920 448392.98876404495
921 876778.8395061728
922 3736158.694117647
923 938320.6621621621
924 365831.3333333333
925 906012.0506329114
926 1262605.8157894737
927 531741.6923076923
928 387007.3205128205
929 1637596.042253521
930 1754411.4838709678
931 482154.91764705884
932 2.284443217105263E7
933 2078999.971830986
934 954466.4337349398
935 538229.6
936 709864.6947368421
937 1786588.1875
938 337434.3373493976
939 5234963.307692308
940 3267675.172413793
941 1042575.4567901235
942 436185.14285714284
943 404626.6947368421
944 3295028.3647058825
945 357386.28205128206
946 578440.1224489796
947 4936054.096385542
948 335575.7027027027
949 1.2505189304347826E7
950 2704814.033333333
951 3008603.966666667
952 353544.56790123455
953 1818536.4571428571
954 1072757.7692307692
955 362673.5882352941
956 1988909.0222222223
957 1408332.625
958 578615.8902439025
959 1.20727708E7
960 515082.16438356164
961 381030.8289473684
962 665592.2337662338
963 377271.08860759495
964 1304695.2266666666
965 1.1013516788235294E7
966 344373.28169014084
967 2655477.0
968 957200.8865979381
969 1794509.82278481
970 962501.2
971 586237.0789473684
972 362641.76056338026
973 349234.1153846154
974 443157.82258064515
975 1510813.0869565217
976 409627.338028169
977 1291882.4235294117
978 4239782.821428572
979 842731.5802469136
980 1420426.8536585367
981 9559139.545454545
982 1628209.903614458
983 387710.1807228916
984 2824617.705882353
985 313000.23287671234
986 9755701.303797469
987 1133495.6222222222
988 389619.1
989 4988402.111111111
990 539211.011235955
991 831022.6081081082
992 4256459.479452055
993 400980.9166666667
994 8380692.297619048
995 348257.59139784944
996 2276163.8
997 616041.5903614458
998 379273.96428571426
999 511890.26744186046
