1 2174.016304347826
2 2175.25
3 2211.064676616915
4 4202.008928571428
5 2161.1094527363184
6 4260.9857142857145
7 4847.368421052632
8 4917.359788359789
9 6353.174757281553
10 8888.92468619247
11 4183.328125
12 9960.559139784946
13 4581.3942307692305
14 6892.768181818182
15 15248.02427184466
16 10075.275229357798
17 14975.874418604652
18 11853.705069124424
19 12858.382775119617
20 7910.7155555555555
21 20699.64814814815
22 5949.281690140845
23 9248.019607843138
24 13170.101604278076
25 8500.685
26 10726.766467065869
27 21530.625668449196
28 14685.542288557213
29 13254.167630057804
30 11220.108490566037
31 27628.63076923077
32 12424.51256281407
33 15396.364583333334
34 13398.495238095238
35 21942.771573604063
36 18788.690376569037
37 20182.718592964826
38 25203.653465346535
39 9149.434146341464
40 9471.377659574468
41 19328.005524861877
42 32214.14746543779
43 20645.546961325967
44 23860.422222222223
45 20079.88823529412
46 30252.55612244898
47 18023.587443946188
48 9391.479166666666
49 29133.238095238095
50 21707.87203791469
51 19652.497409326425
52 33109.306818181816
53 37641.13432835821
54 27642.42380952381
55 35343.86956521739
56 30718.090909090908
57 29956.44578313253
58 26009.558252427185
59 50646.5
60 24252.19680851064
61 38972.40932642487
62 30634.80473372781
63 24003.066350710902
64 30421.49268292683
65 32749.25821596244
66 51436.182291666664
67 34187.86010362695
68 56457.41414141414
69 39008.87046632124
70 47797.00966183575
71 20033.786516853932
72 34955.38725490196
73 45933.41293532338
74 34697.57487922705
75 30236.949074074073
76 43492.864705882355
77 61782.69273743017
78 46675.82967032967
79 39967.128514056225
80 37188.468181818185
81 33694.619512195124
82 35728.36666666667
83 32486.384236453203
84 54849.47804878049
85 39884.48684210526
86 58996.40476190476
87 57934.104166666664
88 38950.671875
89 39779.60526315789
90 42923.817258883246
91 71428.68681318681
92 47846.25654450262
93 32802.54098360656
94 23315.963157894737
95 40230.4
96 60924.181818181816
97 43579.24154589372
98 99496.765
99 64045.515625
100 24921.235576923078
101 27861.698924731183
102 47229.004608294934
103 47877.090476190475
104 41553.83516483517
105 63343.23243243243
106 55167.050561797754
107 39823.37128712871
108 47511.34391534392
109 62159.20487804878
110 76315.13513513513
111 74487.01904761905
112 55771.46568627451
113 67819.15909090909
114 56751.844559585494
115 71242.55376344085
116 56305.07070707071
117 77420.65217391304
118 79937.49038461539
119 63230.75675675676
120 51503.661691542286
121 42652.75132275133
122 55425.36945812808
123 66724.5294117647
124 62861.22959183674
125 73756.44827586207
126 55323.4702970297
127 61883.43147208122
128 60739.40099009901
129 56741.325892857145
130 88256.39719626168
131 69171.25906735752
132 89368.32126696833
133 61557.26315789474
134 79453.63366336633
135 65238.3595505618
136 73444.10994764398
137 61975.197969543144
138 64736.0
139 62794.75621890547
140 68828.40825688074
141 87699.85
142 77363.29756097561
143 83345.03608247422
144 68955.5260663507
145 75634.61572052402
146 117793.39408866996
147 54294.145348837206
148 66560.01621621622
149 60927.77
150 64886.438888888886
151 76813.59813084113
152 71555.05747126437
153 89054.92929292929
154 97454.03465346535
155 61145.30158730159
156 110154.82233502538
157 113415.7231638418
158 84048.76842105263
159 99682.27692307692
160 66260.59512195122
161 83634.88177339901
162 100901.31351351351
163 94835.47474747474
164 89669.74111675126
165 110635.69230769231
166 70801.01183431952
167 85959.33628318584
168 78798.6038647343
169 104272.13526570049
170 101206.33031674208
171 60170.96111111111
172 117959.20652173914
173 103472.62745098039
174 95219.05789473685
175 121928.32663316582
176 107097.05687203791
177 75670.72
178 80983.19587628866
179 61441.01052631579
180 95519.48717948717
181 116822.08928571429
182 87915.8488372093
183 112985.077294686
184 105646.39682539682
185 109510.75
186 89637.22033898305
187 114313.34299516908
188 83753.47120418848
189 101320.92783505155
190 68509.52150537634
191 93606.21052631579
192 69046.20348837209
193 93929.52
194 101475.25888324874
195 72645.50246305419
196 72449.95145631068
197 133624.03703703705
198 118801.8670212766
199 85613.89371980676
200 97042.83333333333
201 154816.568627451
202 159231.92346938775
203 114035.22950819672
204 146104.5956284153
205 88773.9806763285
206 77758.78918918919
207 102190.77604166667
208 96810.22395833333
209 133764.49438202247
210 93992.52093023255
211 143421.89719626168
212 134259.23783783783
213 95128.09090909091
214 130091.48484848485
215 191628.18536585366
216 93451.2311827957
217 166781.27551020408
218 118094.85990338164
219 124597.66853932584
220 126259.00452488688
221 130947.31343283581
222 132540.27659574468
223 182973.74761904762
224 125917.77927927928
225 150812.80392156861
226 104420.93939393939
227 137603.2
228 123369.41860465116
229 116027.54189944133
230 132268.21142857143
231 146087.19339622642
232 109375.69444444444
233 157988.7277486911
234 128095.43814432989
235 107704.70202020202
236 138501.89333333334
237 97582.13658536585
238 172699.93193717278
239 152345.08421052631
240 181835.0
241 155193.63106796116
242 163933.81904761904
243 130658.14285714286
244 119812.00956937799
245 133980.22564102564
246 143753.10638297873
247 175951.841025641
248 141667.77727272728
249 146064.55450236966
250 133421.79411764705
251 182552.86631016043
252 136813.48780487804
253 154820.29910714287
254 164298.46354166666
255 130673.14611872146
256 154085.51546391752
257 157757.96256684492
258 171148.94949494948
259 150099.3125
260 130136.52195121952
261 201022.25
262 118689.51176470588
263 125112.96648044692
264 218088.31666666668
265 202223.0294117647
266 155124.4358974359
267 124446.45045045044
268 156750.1875
269 175297.60427807487
270 183381.36315789472
271 154320.43564356436
272 146011.39408866994
273 110868.70531400967
274 144387.31937172776
275 173678.81188118813
276 124485.30898876404
277 164691.30687830687
278 172549.35436893205
279 105903.27403846153
280 160203.5202020202
281 162199.55789473685
282 153728.87958115182
283 258899.679245283
284 138725.84688995214
285 162984.41450777202
286 177529.09595959596
287 145322.02564102566
288 211064.11475409835
289 123722.42731277533
290 186010.42028985507
291 203140.51515151514
292 151314.1505376344
293 189722.13425925927
294 160944.8480392157
295 189577.00574712644
296 136675.55729166666
297 146583.85779816515
298 161232.1005586592
299 168971.2380952381
300 172429.443877551
301 156843.97714285715
302 169698.0884955752
303 150132.18421052632
304 179117.71627906978
305 145121.81407035177
306 217215.62376237623
307 170472.04081632654
308 145677.0703517588
309 171251.0696517413
310 229218.37788018433
311 189879.25352112675
312 216238.08333333334
313 200990.9827586207
314 200247.52
315 153327.29842931937
316 214337.68367346938
317 216217.0807174888
318 137821.5576923077
319 200370.9411764706
320 184819.19587628866
321 167985.8764044944
322 237367.91747572814
323 164956.9596412556
324 162728.6852791878
325 203948.9661016949
326 235832.27551020408
327 179104.8128342246
328 185940.86082474227
329 157761.08018867925
330 184064.44776119402
331 188644.1320754717
332 163145.63243243244
333 184942.56038647343
334 184490.4732142857
335 249088.88082901554
336 210058.14285714287
337 190215.66310160427
338 201188.67942583733
339 214678.9411764706
340 238665.0609137056
341 190860.38048780488
342 182080.4
343 185103.26457399104
344 186866.7729468599
345 211212.0284090909
346 179620.1756097561
347 192489.23560209424
348 172890.94382022473
349 170746.10714285713
350 171251.90425531915
351 214872.29107981222
352 226282.00961538462
353 211455.57142857142
354 208423.72872340426
355 213035.08372093024
356 162716.64532019704
357 246907.65625
358 206129.33495145632
359 270163.625698324
360 273751.96650717704
361 204923.26511627907
362 210839.0
363 237879.42780748665
364 262810.1462264151
365 226216.53804347827
366 202567.13235294117
367 214951.0
368 217568.53370786516
369 265244.0164835165
370 201835.73488372093
371 214695.32323232322
372 223595.28971962616
373 209844.4975609756
374 241831.898989899
375 210322.21666666667
376 209623.72463768115
377 255332.1595744681
378 254185.82843137256
379 243464.01395348838
380 204626.56281407035
381 321595.75
382 217437.38974358974
383 194767.99004975124
384 256808.64285714287
385 247086.60294117648
386 262245.4021164021
387 255937.9340101523
388 264450.6633663366
389 239386.2238095238
390 262997.1274509804
391 203556.16513761468
392 230851.76381909547
393 244409.91578947369
394 210078.1737089202
395 240189.0340425532
396 187941.60326086957
397 334957.1941176471
398 227933.08629441625
399 202086.94174757283
400 258274.8678414097
401 274966.3134328358
402 239006.08374384238
403 250438.25388601035
404 279134.3366336634
405 298510.637755102
406 276876.83690987126
407 294343.66486486484
408 174338.4375
409 215823.78606965175
410 232850.29245283018
411 304391.2288557214
412 290693.1691542289
413 243794.03813559323
414 235040.86705202312
415 301929.56923076924
416 281225.5505050505
417 248282.77192982455
418 275987.80102040817
419 333059.19900497515
420 186984.73429951692
421 298765.6288659794
422 269486.3257142857
423 254053.08482142858
424 243948.50970873787
425 243382.19889502763
426 273069.44680851063
427 223337.49074074073
428 297137.6043956044
429 241144.24864864865
430 336723.87735849054
431 262049.94634146342
432 299754.3418367347
433 215349.49038461538
434 294272.72330097086
435 275269.4948453608
436 308191.7098445596
437 321945.6763285024
438 239374.6813186813
439 274899.76923076925
440 243111.94535519124
441 279215.9381443299
442 317721.2238095238
443 276826.335
444 279449.125
445 275989.3786407767
446 338120.0570175439
447 316124.5329949239
448 388301.5076923077
449 287121.96
450 305368.078125
451 238448.95588235295
452 268208.56666666665
453 361689.3597883598
454 285484.1266968326
455 302915.1400966184
456 400099.9950248756
457 256985.6889952153
458 249325.45882352942
459 356668.0511627907
460 281630.31753554504
461 252509.32
462 364822.0855614973
463 376315.1436781609
464 340933.55897435895
465 268649.7
466 239973.41279069768
467 348098.9953051643
468 358812.635359116
469 375932.3962264151
470 333347.1509433962
471 314379.09550561797
472 281556.83902439027
473 311761.9483568075
474 254161.9693877551
475 275881.7756097561
476 258765.4656084656
477 364801.585
478 237225.29090909092
479 350347.4385026738
480 312370.5918367347
481 258423.20192307694
482 360413.09947643976
483 480762.475
484 379751.3188405797
485 323553.3191489362
486 351735.5306122449
487 302641.6887755102
488 317639.1570680628
489 340705.06
490 350205.32994923857
491 338065.44311377243
492 336526.4827586207
493 340513.4644808743
494 336133.7205882353
495 322263.0923913043
496 366365.7804878049
497 360887.69
498 278977.6320754717
499 351794.8031088083
500 385654.4903846154
501 386316.62146892655
502 266890.6751269036
503 295383.7621359223
504 287486.0894736842
505 351514.665
506 364999.649122807
507 316270.3333333333
508 362999.0046728972
509 402769.86734693876
510 341448.6153846154
511 378409.693877551
512 377754.6010928962
513 358800.8461538461
514 427233.96650717704
515 409803.14361702127
516 326811.45049504953
517 302622.9688888889
518 404448.72081218276
519 309415.67149758455
520 353511.7218934911
521 293467.47290640394
522 381625.1780104712
523 384535.2311320755
524 307885.67741935485
525 358048.8044692737
526 335723.16097560973
527 358258.3585858586
528 298588.76995305164
529 367384.8088235294
530 335709.86511627905
531 409517.285
532 443345.4114832536
533 517510.5657142857
534 400908.1256830601
535 421050.3832599119
536 430293.2801724138
537 403116.0693069307
538 316718.7989690722
539 426365.41025641025
540 438810.61904761905
541 393889.1971830986
542 390758.87443946186
543 339208.99481865286
544 377676.8585858586
545 298295.9663461539
546 488728.8212290503
547 403933.1692307692
548 370333.37967914436
549 355702.11557788943
550 369109.85253456223
551 315215.029535865
552 334546.255
553 362201.16097560973
554 314130.7157360406
555 359043.7102272727
556 466424.93
557 407343.2681818182
558 504848.25
559 396981.1176470588
560 446438.86934673367
561 372496.47872340423
562 486562.0625
563 416155.47417840373
564 388192.99504950497
565 480481.45701357466
566 347854.7672413793
567 381902.920212766
568 359247.9698492462
569 410641.52
570 424362.2673267327
571 343700.21348314604
572 415688.77777777775
573 433814.6866359447
574 394085.9889502762
575 432608.73796791444
576 491534.82464454975
577 360756.8173076923
578 412657.13684210525
579 412450.62765957444
580 382561.0
581 423383.94623655913
582 375765.2105263158
583 317198.921875
584 412749.08040201006
585 410603.02702702704
586 386304.0139534884
587 434224.86036036036
588 394153.7348837209
589 415657.64480874315
590 478143.6091370558
591 397306.51086956525
592 416801.1157894737
593 353469.0052083333
594 485650.627027027
595 647796.475490196
596 422160.64351851854
597 361325.80476190476
598 432380.6971428571
599 533041.0721649484
600 443332.83251231525
601 466674.5431472081
602 320755.0867052023
603 381610.81725888327
604 439129.44943820225
605 460330.77777777775
606 427324.67195767193
607 315059.81642512075
608 388754.81860465114
609 479245.7688679245
610 425394.6171171171
611 394592.0048543689
612 521445.345971564
613 390767.4245810056
614 447668.95187165774
615 372202.5404040404
616 410533.23913043475
617 358074.7376237624
618 472719.7358490566
619 421311.2463768116
620 472285.6034482759
621 410992.79802955664
622 414896.19811320753
623 494724.2836538461
624 538606.5189189189
625 412120.44444444444
626 534330.8672566372
627 325383.7881773399
628 410514.91588785045
629 364266.35023041477
630 417670.1216931217
631 467026.4474885845
632 441288.5027322404
633 422795.7389162562
634 410659.52709359606
635 466155.40639269404
636 431875.52558139537
637 439278.6685393258
638 483300.31746031746
639 381848.93846153846
640 592857.9567567568
641 492610.019138756
642 430671.3959390863
643 346791.46907216497
644 535149.1279620853
645 531866.3930348259
646 554463.9202127659
647 517766.9120879121
648 464773.34375
649 441057.25268817204
650 399323.0512820513
651 550433.6648044693
652 590112.3571428572
653 455998.1846153846
654 569339.8258706467
655 485194.19534883724
656 441424.9635416667
657 486080.4460784314
658 597305.0765027322
659 419766.4066985646
660 564210.9476439791
661 466375.55026455026
662 598184.3834951456
663 496852.01666666666
664 601621.2679425838
665 543737.4870466321
666 423806.1897435897
667 550737.2201834862
668 474420.9285714286
669 423324.9321266968
670 532966.8235294118
671 592331.5892857143
672 510931.3596491228
673 489330.0862944162
674 463288.0424528302
675 341563.1959798995
676 526763.6170212766
677 488831.26341463416
678 528467.6720430107
679 475585.24242424243
680 636289.3660714285
681 548578.1944444445
682 457696.0766129032
683 538406.6842105263
684 422131.9425287356
685 611529.0311111112
686 449898.16355140187
687 524185.83035714284
688 552243.4203539822
689 554868.2637362637
690 460244.12376237626
691 487206.39705882355
692 499007.53846153844
693 545327.6363636364
694 468914.53723404254
695 433460.967032967
696 461174.06018518517
697 504459.44444444444
698 537088.3507853403
699 449958.8171428571
700 469908.92090395483
701 482478.7846153846
702 503686.37735849054
703 580557.5714285715
704 628717.3675213675
705 451851.8976744186
706 640914.5135135135
707 636583.1191709845
708 518126.43979057594
709 450460.5474860335
710 525902.6497461929
711 533552.4429223745
712 533530.1612903225
713 529253.2417582418
714 454202.81481481483
715 730509.304568528
716 589352.1071428572
717 558348.1047120419
718 627466.3069767442
719 651489.1944444445
720 577688.4484536082
721 680544.2277227723
722 504901.95049504953
723 559301.5990566037
724 691505.1267605633
725 616405.58
726 605309.6296296297
727 556507.3648648649
728 713216.7725118484
729 714688.8020304568
730 659856.0119760479
731 611018.887755102
732 507913.2570093458
733 615401.5879396985
734 575305.7295918367
735 616955.7810945273
736 553775.2555555556
737 519730.08235294116
738 605932.6504854369
739 537895.5223880596
740 488625.37185929646
741 545915.0698924732
742 609935.4298642534
743 621305.1666666666
744 580143.2311320754
745 576309.1422222222
746 484405.04419889505
747 798165.2790697674
748 604072.3935185185
749 569071.5842105263
750 576614.0744680851
751 567061.3333333334
752 560170.8631578947
753 555609.0
754 509240.7380952381
755 628523.0545454546
756 654368.3348623853
757 505639.8883495146
758 472528.7267759563
759 638311.8095238095
760 632936.3567839196
761 534043.7512690355
762 630352.6170212766
763 454206.5326086957
764 627634.0833333334
765 678990.7688442211
766 732557.133640553
767 636045.6146341463
768 732322.5114155251
769 693847.5153061225
770 574080.8878504672
771 570239.1481481482
772 614383.7421052632
773 518638.71428571426
774 768726.5027322405
775 598485.7277227723
776 530114.1914893617
777 788207.2460732984
778 531601.1809045227
779 616495.84
780 764397.8717948718
781 678652.1270718232
782 684930.4
783 696061.3564814815
784 545918.5081967213
785 591505.4069767442
786 640808.9819277108
787 639192.4093023256
788 599021.6844919786
789 758618.8071748879
790 769648.5024630541
791 733157.3970588235
792 616871.0421052632
793 577754.5141242938
794 619423.6403940887
795 644411.105022831
796 546786.5951219512
797 567577.6872037915
798 536248.2074468085
799 643465.5699481865
800 613972.4827586206
801 647096.2617801047
802 605541.3842105264
803 639819.78
804 594430.807486631
805 783611.96
806 722516.7285067873
807 678720.5361445784
808 657159.4898989899
809 759158.793814433
810 649491.2436548223
811 627245.7549019608
812 634788.5729166666
813 699179.803652968
814 665283.7277227723
815 744661.0670103093
816 596055.819047619
817 706385.3366834171
818 598200.1105769231
819 662917.7525773196
820 796967.6910994764
821 618316.6061946902
822 615161.095477387
823 659936.8368421053
824 590149.4858490566
825 704910.5550458715
826 632263.2721893492
827 710586.1621621621
828 713969.3348416289
829 625916.2727272727
830 619111.6020942408
831 679305.908675799
832 669622.0055248619
833 665072.8785046729
834 665887.6666666666
835 781700.7544642857
836 635670.445026178
837 769271.0754716981
838 763127.3471502591
839 622342.6084656084
840 820654.4258373206
841 736469.1785714285
842 788690.2
843 713123.8019323671
844 598973.0777777778
845 855676.5714285715
846 624751.2211055276
847 710794.4444444445
848 650568.8317757009
849 726439.0
850 754532.9362745098
851 930372.7363184079
852 916433.179245283
853 753945.0141509434
854 621406.0769230769
855 601666.6428571428
856 747947.033018868
857 765952.7677725118
858 766136.4632768362
859 698082.1277777777
860 1116505.1421568627
861 786401.5591397849
862 677076.7020202021
863 774395.8442211056
864 788567.4051282051
865 571305.5166666667
866 859594.568627451
867 804586.2741116751
868 612238.162303665
869 738995.4198895028
870 591653.1179487179
871 597904.5454545454
872 731087.0
873 657089.3838862559
874 799844.2523364486
875 987789.9469026548
876 776330.4696969697
877 745363.7886597938
878 620750.8546511628
879 768657.7263681592
880 769503.7582938388
881 757024.8864864865
882 731418.4677419355
883 775173.6798029557
884 610172.9464285715
885 1040252.3811659192
886 758673.5081081081
887 731958.99
888 661578.1642512077
889 942045.3048128342
890 875569.7621359223
891 625870.0
892 717515.7882882883
893 710500.3691588785
894 784846.6865671641
895 681648.154589372
896 665354.7575757576
897 808158.7363636363
898 740387.8176795581
899 767080.4924623115
900 996198.5539215687
901 809239.8429319372
902 719224.8808290155
903 963338.331707317
904 624721.4271356784
905 874061.2821782178
906 784872.5477386934
907 722778.3827751196
908 690162.6511627907
909 1169149.6217948718
910 758352.4522613066
911 744262.8457446808
912 731045.6111111111
913 811129.358974359
914 678582.5625
915 835836.1933962264
916 1255882.6457399104
917 879063.8815789474
918 779379.74522293
919 703977.1333333333
920 721221.4011299436
921 702011.9950738916
922 868364.0
923 816733.2722772277
924 1221727.2822966508
925 735512.207920792
926 746392.184079602
927 1147991.3964497042
928 715980.3465909091
929 808554.0891089109
930 1398100.9096045198
931 1070459.9796954314
932 872487.3991031391
933 808269.7810945273
934 841469.6284153005
935 912468.0628019323
936 1498432.2551020407
937 3582082.748768473
938 698375.5583756345
939 738191.5069767442
940 2830549.1875
941 841890.7424242424
942 878699.8095238095
943 757777.795
944 764150.9450549451
945 744292.1752577319
946 722256.6975609756
947 962988.5384615385
948 771412.3523316062
949 2280088.9390862943
950 734212.6862745098
951 1975608.8974358975
952 833252.3686868687
953 1564902.8497409327
954 887087.995145631
955 842118.8052631579
956 709835.7988826815
957 967179.9943502825
958 809383.2243902439
959 1466464.1890547264
960 670636.487684729
961 757839.3854166666
962 783908.9261083744
963 4791232.754010695
964 836928.9481865285
965 910830.4487804878
966 763202.962085308
967 717023.3660714285
968 848275.7192118226
969 909934.985915493
970 942837.192139738
971 1431557.2018348624
972 1136389.4536082475
973 708508.5879120879
974 1642190.087378641
975 3.1134343370967742E7
976 2363557.3560209423
977 673315.3446327683
978 827403.8965517242
979 868640.4526315789
980 837732.3241758242
981 2561600.158653846
982 1014278.3263157895
983 847163.3142857143
984 884927.9214659686
985 591058.976331361
986 778115.7322404372
987 1912150.111111111
988 1092720.095
989 2532518.5502645504
990 1068692.4951923077
991 707351.8082901555
992 769170.5435897436
993 881128.0895522388
994 2078345.1306306305
995 1.1924535716981132E7
996 881888.2651933702
997 860656.099099099
998 761930.2488038278
999 788068.9198113207
