1 2651.2625
2 2924.602564102564
3 2606.3684210526317
4 2734.233009708738
5 2665.358024691358
6 2700.858974358974
7 12329.95744680851
8 2625.5375
9 12205.10465116279
10 2699.038961038961
11 7836.308510638298
12 2688.2738095238096
13 10314.661971830987
14 2593.575
15 2651.632183908046
16 2688.8241758241757
17 2609.4895833333335
18 7098.538461538462
19 2663.378048780488
20 2706.5529411764705
21 7468.83950617284
22 2615.730769230769
23 2634.222222222222
24 2756.189189189189
25 44048.541666666664
26 8209.777777777777
27 2670.720588235294
28 18308.69387755102
29 2762.397590361446
30 2575.3382352941176
31 12729.0
32 13420.795180722891
33 8191.670731707317
34 9175.072289156626
35 10890.685714285713
36 21328.563829787236
37 41714.42857142857
38 14517.162162162162
39 22142.045454545456
40 20489.914634146342
41 13695.702380952382
42 18716.89285714286
43 15401.193548387097
44 22938.752808988764
45 17556.9358974359
46 9402.311688311689
47 21753.18085106383
48 6909.636363636364
49 26239.780487804877
50 45616.87755102041
51 27002.6875
52 14182.111111111111
53 26585.434343434343
54 20594.821917808218
55 38146.19277108434
56 36884.1875
57 52236.7294117647
58 24114.178571428572
59 26166.658536585364
60 50984.09375
61 25658.878787878788
62 27832.309523809523
63 23071.724489795917
64 23220.940298507463
65 25884.62962962963
66 31316.337209302324
67 19605.4125
68 25328.097222222223
69 21384.3125
70 14376.623529411765
71 20467.463414634145
72 24952.272727272728
73 32312.72602739726
74 26571.670103092783
75 20417.0
76 35229.17857142857
77 53284.83870967742
78 10715.772151898735
79 40641.01298701299
80 27200.56818181818
81 40896.916666666664
82 43890.58241758242
83 34464.11111111111
84 25110.26966292135
85 9574.875
86 40023.58064516129
87 44641.5
88 29285.31395348837
89 28063.5
90 66690.35064935064
91 41057.61956521739
92 30558.04054054054
93 39847.6835443038
94 19607.57608695652
95 28207.72
96 42148.02380952381
97 42256.10112359551
98 45695.825
99 49719.0875
100 58729.1030927835
101 26868.90588235294
102 18655.333333333332
103 28248.186274509804
104 88386.9156626506
105 44066.43010752688
106 41771.6282051282
107 65253.97368421053
108 30912.385542168675
109 19216.77380952381
110 52803.791666666664
111 37197.89156626506
112 36801.583333333336
113 40357.06896551724
114 58851.64835164835
115 38730.68539325843
116 33589.49411764706
117 68616.75903614458
118 74700.52564102564
119 22191.02985074627
120 59163.54761904762
121 50650.779411764706
122 55437.89743589744
123 43473.346153846156
124 49231.8
125 52880.06741573034
126 36147.51851851852
127 45766.357894736844
128 42372.444444444445
129 23597.159420289856
130 37640.207792207795
131 73568.0
132 37750.13924050633
133 53531.45977011494
134 46228.54929577465
135 33633.73333333333
136 80307.025
137 40335.28947368421
138 57347.35135135135
139 38280.0843373494
140 44301.95121951219
141 15738.926315789473
142 52736.1935483871
143 61399.191011235955
144 55316.02409638554
145 35495.76
146 76389.35353535354
147 53383.275
148 55823.638554216865
149 83568.14117647058
150 33797.529411764706
151 92562.86458333333
152 65221.5
153 77248.1652173913
154 45827.237623762376
155 83280.21621621621
156 97287.93421052632
157 73486.76829268293
158 65400.63917525773
159 53785.55
160 87883.69736842105
161 107984.93333333333
162 74029.04938271605
163 45007.3052631579
164 48058.0
165 64215.92857142857
166 85005.35897435897
167 77697.18181818182
168 101938.23157894737
169 88708.92771084337
170 52367.97014925373
171 74156.68115942029
172 74611.67142857143
173 64173.91358024691
174 52209.57692307692
175 81954.63529411764
176 57991.54838709677
177 86182.375
178 52303.88888888889
179 83842.09638554217
180 42569.376470588235
181 67729.47126436782
182 44030.39743589744
183 70604.84090909091
184 41178.84782608696
185 79581.88888888889
186 70529.91578947369
187 84151.25287356322
188 110619.10588235295
189 60890.60493827161
190 67010.59756097561
191 39226.79761904762
192 84795.50574712643
193 71872.64285714286
194 49924.03703703704
195 66629.20454545454
196 70540.51086956522
197 56100.19387755102
198 76526.28571428571
199 86791.55208333333
200 38092.89380530974
201 65391.807692307695
202 105427.86666666667
203 97669.64583333333
204 66045.12987012987
205 79173.12676056338
206 84713.93421052632
207 71933.72151898734
208 87719.65
209 97124.33707865169
210 78697.3956043956
211 72420.98888888888
212 148853.42253521126
213 60618.818181818184
214 92869.81
215 71967.08571428571
216 64399.20652173913
217 81605.76923076923
218 62625.63440860215
219 53898.6301369863
220 69440.44047619047
221 80499.29787234042
222 124059.86666666667
223 78915.63440860216
224 114496.01123595505
225 78467.52747252748
226 137947.0989010989
227 95650.83333333333
228 75417.6
229 84427.08888888889
230 89597.66019417475
231 71983.58823529411
232 90143.65789473684
233 118231.04615384615
234 110494.79775280898
235 114845.5617977528
236 90891.27397260274
237 102375.65
238 92183.08108108108
239 115595.44565217392
240 62640.943181818184
241 62536.97777777778
242 105403.04109589041
243 71872.21649484536
244 152385.1724137931
245 105782.25974025975
246 65531.958333333336
247 77173.68
248 145028.12857142856
249 88083.42222222222
250 127048.61176470589
251 103708.11842105263
252 68928.69230769231
253 117878.45070422535
254 85568.58585858585
255 54249.439024390245
256 83280.56097560975
257 84048.14084507042
258 99378.6625
259 95880.34939759035
260 112062.17567567568
261 57008.782608695656
262 93363.19047619047
263 89011.0
264 89581.85057471265
265 99453.04494382022
266 79682.54545454546
267 89367.25
268 96396.11235955056
269 128615.58571428571
270 106739.53333333334
271 119143.08974358975
272 95785.8309859155
273 87276.34146341463
274 132155.73333333334
275 95482.4268292683
276 82610.64130434782
277 98556.64835164836
278 141739.67346938775
279 76584.1294117647
280 104813.14953271027
281 79843.41666666667
282 140531.8282828283
283 117681.57843137255
284 72458.44943820225
285 128145.89361702128
286 121427.5875
287 101573.92771084337
288 129988.73863636363
289 98254.24285714286
290 105270.44680851063
291 142980.65476190476
292 99657.68292682926
293 112902.44047619047
294 133046.4875
295 88856.05263157895
296 93790.70212765958
297 79298.83116883117
298 91853.359375
299 181194.26744186046
300 125823.43181818182
301 95674.0
302 137781.82474226804
303 69790.92222222222
304 119045.37647058823
305 160124.0
306 95891.1875
307 133515.55208333334
308 119112.23076923077
309 166471.07692307694
310 128687.2
311 99677.13829787234
312 90243.9696969697
313 129601.10416666667
314 121466.33333333333
315 139313.1325301205
316 105997.45454545454
317 92015.06329113925
318 133632.11111111112
319 141265.39285714287
320 95846.18478260869
321 179434.24705882353
322 105129.13095238095
323 97882.3
324 95561.36
325 80191.68333333333
326 127394.22826086957
327 168669.26136363635
328 103976.97872340426
329 175118.6447368421
330 140013.45679012345
331 118838.80597014926
332 102196.28
333 147503.64210526316
334 133312.74666666667
335 116293.66666666667
336 108354.43373493975
337 147032.96739130435
338 126150.5
339 132511.02380952382
340 147838.6746987952
341 123497.0243902439
342 106076.64935064936
343 124230.91954022988
344 111390.84
345 144715.52577319587
346 110093.88990825688
347 132220.7108433735
348 136577.85416666666
349 138802.68539325843
350 82802.49367088608
351 97224.84722222222
352 82090.58823529411
353 111679.83333333333
354 140994.0843373494
355 110043.45679012345
356 109755.94520547945
357 143153.2988505747
358 126332.76136363637
359 115717.96666666666
360 180065.1590909091
361 122154.32558139534
362 158300.85714285713
363 138088.4756097561
364 144061.37142857144
365 162362.56
366 151550.91397849462
367 124680.07894736843
368 127417.0875
369 165956.85869565216
370 119351.44318181818
371 110946.56060606061
372 135364.55319148937
373 121215.06666666667
374 119553.2794117647
375 128984.33333333333
376 138852.94871794872
377 147195.2
378 119834.0
379 151530.71717171717
380 158093.20833333334
381 135510.97647058824
382 190899.57692307694
383 153994.09375
384 132234.72368421053
385 131140.575
386 153800.44736842104
387 118815.6914893617
388 137792.8780487805
389 150613.31645569621
390 135644.45454545456
391 153885.78260869565
392 124391.86666666667
393 151160.61052631578
394 141382.0294117647
395 135068.16049382716
396 149080.29545454544
397 80167.83783783784
398 202010.13414634147
399 180654.1030927835
400 153661.34
401 131039.55405405405
402 122572.75903614458
403 134909.56790123458
404 161437.75280898876
405 131228.875
406 168589.73958333334
407 141650.84415584416
408 197304.9642857143
409 150388.7469879518
410 120028.54545454546
411 182380.25
412 181910.44155844155
413 130884.51546391753
414 141735.14864864864
415 145508.82795698923
416 117764.9054054054
417 128823.82926829268
418 145442.1204819277
419 154556.53846153847
420 218843.5421686747
421 171335.1625
422 137780.35897435897
423 181179.156626506
424 156448.20175438595
425 156976.94680851063
426 164902.36
427 222988.156626506
428 147445.75
429 231546.0357142857
430 152561.65934065933
431 180582.38888888888
432 140759.50746268657
433 151824.8875
434 164484.27368421052
435 156624.79452054793
436 160479.843373494
437 171617.22352941177
438 230753.2906976744
439 161255.70833333334
440 168146.86046511628
441 156810.85227272726
442 177179.0294117647
443 162057.4659090909
444 147390.84444444443
445 187788.35211267605
446 174737.92857142858
447 158923.25510204083
448 144301.1884057971
449 180185.16049382716
450 145534.31944444444
451 175465.36842105264
452 138247.5
453 141020.38554216866
454 193131.38571428572
455 174653.2405063291
456 195801.4252873563
457 228856.46
458 143538.55223880598
459 145652.60465116278
460 205853.79545454544
461 151729.75961538462
462 177794.698630137
463 225165.05128205128
464 181449.1379310345
465 190652.6582278481
466 136599.35416666666
467 188627.1170212766
468 220042.22857142857
469 147475.08
470 202499.85185185185
471 100991.55102040817
472 224051.6794871795
473 251121.57317073172
474 194084.34831460673
475 207771.6231884058
476 195430.45454545456
477 169374.58227848102
478 171512.4776119403
479 171926.02469135803
480 178947.4605263158
481 174727.16853932585
482 253213.2891566265
483 184341.03658536586
484 354671.96202531643
485 181578.21333333335
486 163216.83116883118
487 173523.66666666666
488 234020.6326530612
489 167036.21505376344
490 144936.02127659574
491 205926.35802469135
492 173531.27692307692
493 175085.7037037037
494 189249.6588235294
495 233541.16666666666
496 196768.85555555555
497 169356.88764044945
498 188161.85542168675
499 215529.9135802469
500 213752.07228915664
501 192703.64044943822
502 162949.2
503 224436.775
504 229842.27160493826
505 224496.2105263158
506 225728.91860465117
507 163126.5394736842
508 520083.7582417582
509 177597.38888888888
510 218642.5918367347
511 186096.2588235294
512 200678.84210526315
513 186508.32558139536
514 173137.72289156626
515 232088.45544554456
516 198957.25373134328
517 198750.0294117647
518 196572.34831460673
519 200454.94505494504
520 232395.8051948052
521 216300.2888888889
522 228167.0909090909
523 252712.92857142858
524 265887.77647058823
525 168555.97826086957
526 184486.33720930232
527 171534.05063291139
528 204893.72727272726
529 216030.61111111112
530 199506.54945054944
531 194629.16326530612
532 203615.04
533 167336.7888888889
534 297033.7721518987
535 208004.6813186813
536 137181.02150537635
537 162967.44444444444
538 226414.675
539 215937.6595744681
540 206894.82716049382
541 251092.4938271605
542 233956.42682926828
543 197375.35443037975
544 172324.8103448276
545 240123.72839506174
546 208727.53246753247
547 234350.70238095237
548 230460.69411764707
549 237483.26829268291
550 250200.6530612245
551 194327.64615384614
552 189003.82352941178
553 202099.61538461538
554 274362.3095238095
555 204022.9294117647
556 322578.37209302327
557 210505.65060240965
558 221643.9775280899
559 229291.58571428573
560 190077.8875
561 177525.97530864197
562 203189.12790697673
563 192937.77027027027
564 211107.375
565 205352.38461538462
566 158405.51136363635
567 154386.44186046513
568 253041.88888888888
569 141079.24691358025
570 311028.4938271605
571 223144.93103448275
572 153381.5894736842
573 181421.17582417582
574 211000.5294117647
575 156874.31325301205
576 259795.35294117648
577 150508.36363636365
578 201725.80821917808
579 211573.4659090909
580 234406.70588235295
581 273205.9431818182
582 221838.72727272726
583 212358.48192771085
584 246236.37931034484
585 197392.75
586 195910.52564102566
587 268032.8387096774
588 210568.19512195123
589 245080.48888888888
590 238395.58536585365
591 216979.62857142856
592 275710.24358974356
593 274140.28205128206
594 211778.70652173914
595 239329.37333333332
596 170926.66304347827
597 221248.65168539327
598 219026.77272727274
599 221078.05555555556
600 197023.4492753623
601 213914.71794871794
602 212575.1379310345
603 221307.54347826086
604 255339.84523809524
605 235343.84146341463
606 209402.26966292135
607 149603.10714285713
608 221202.0294117647
609 208081.21794871794
610 176208.8924731183
611 204454.2105263158
612 267318.6842105263
613 367158.2298850575
614 218050.03157894738
615 292151.35353535356
616 239647.46666666667
617 252443.9411764706
618 224992.36263736265
619 270878.625
620 266102.27956989245
621 255942.31914893616
622 180141.74390243902
623 312722.77647058823
624 246997.0
625 170121.58241758242
626 186259.01351351352
627 179322.67857142858
628 238754.85393258426
629 225447.9125
630 280630.34722222225
631 235585.3908045977
632 190472.08139534883
633 209283.65476190476
634 263710.18947368424
635 218327.53246753247
636 274209.12658227846
637 241314.7341772152
638 277549.52
639 305892.6551724138
640 229229.48837209304
641 314439.6756756757
642 200098.43023255814
643 255727.4375
644 220200.94366197183
645 194415.8309859155
646 212528.96703296702
647 272953.34146341466
648 256768.16129032258
649 373974.9324324324
650 224096.41666666666
651 258068.24675324676
652 247622.08536585365
653 270815.4431818182
654 344865.8131868132
655 262414.78350515466
656 322518.4574468085
657 191623.9512195122
658 243483.11111111112
659 245228.41463414635
660 275167.37078651687
661 267026.22352941177
662 342853.175
663 212673.83870967742
664 321754.0625
665 302329.18518518517
666 317633.76543209876
667 270577.0595238095
668 193848.3947368421
669 363907.78125
670 256725.7951807229
671 205324.72463768115
672 314572.10638297873
673 252919.3205128205
674 358289.1976744186
675 216495.56790123458
676 300149.5333333333
677 289261.4235294118
678 245948.68055555556
679 250556.79268292684
680 274944.32608695654
681 533069.1384615385
682 262856.887755102
683 317132.8350515464
684 219246.7888888889
685 575668.2266666667
686 387404.2676056338
687 271636.27397260274
688 247845.9024390244
689 380586.1066666667
690 302028.05555555556
691 210635.1379310345
692 335866.4418604651
693 238457.54347826086
694 257746.0
695 247220.4835164835
696 237698.22784810126
697 227600.64772727274
698 258640.4096385542
699 303469.9659090909
700 252194.86046511628
701 320582.47872340423
702 502579.1382978723
703 304603.87058823527
704 269525.28723404254
705 231648.2323232323
706 591840.1847826086
707 291870.5833333333
708 270465.77777777775
709 253046.63218390805
710 265656.76
711 267573.31506849313
712 262963.9318181818
713 279488.3088235294
714 331824.10784313723
715 263691.9029126214
716 206342.97647058824
717 258421.1511627907
718 315593.7802197802
719 308105.1397849462
720 286619.4605263158
721 209273.69047619047
722 255219.425
723 342722.8494623656
724 360550.27
725 257109.02985074627
726 294174.5168539326
727 297190.1666666667
728 295541.97142857144
729 338300.3734939759
730 285243.5131578947
731 278454.908045977
732 265029.8313253012
733 292285.1954022989
734 259997.3552631579
735 290583.4788732394
736 557261.6266666667
737 280236.0375
738 314590.1046511628
739 584813.7
740 257114.55789473685
741 310020.34246575343
742 316345.7848101266
743 461426.0
744 270696.0263157895
745 234276.09677419355
746 241238.38043478262
747 234178.48837209304
748 277088.9784946237
749 416662.51219512196
750 396980.7356321839
751 226778.01176470588
752 458052.08860759495
753 272741.94202898553
754 537667.8372093023
755 240510.18681318683
756 215431.5072463768
757 336451.08974358975
758 366855.0595238095
759 320907.3191489362
760 488387.64197530865
761 277278.746835443
762 483489.5
763 272961.14285714284
764 276692.63291139243
765 251966.5888888889
766 324109.4266666667
767 270380.5
768 275019.7361111111
769 291936.0119047619
770 441167.9550561798
771 533004.2674418605
772 262203.7974683544
773 581634.4285714285
774 424721.801980198
775 266178.7281553398
776 309871.3793103448
777 318584.7303370786
778 321754.8831168831
779 221547.83333333334
780 290219.5172413793
781 291644.67415730335
782 769970.7846153846
783 723459.5357142857
784 745504.6375
785 286830.2530120482
786 450108.7027027027
787 310191.38356164383
788 536302.2121212122
789 300292.325
790 253349.98888888888
791 233530.9054054054
792 254307.05194805196
793 287065.1710526316
794 295302.8522727273
795 274179.1216216216
796 291487.4342105263
797 770715.9873417722
798 300527.61904761905
799 235432.16091954024
800 332898.28
801 739098.922077922
802 554162.6753246753
803 269450.8630136986
804 213738.8426966292
805 295663.05479452055
806 318966.5128205128
807 551323.1492537314
808 560682.5894736842
809 213733.7108433735
810 673030.6219512195
811 360233.7108433735
812 446248.08
813 369247.7450980392
814 286183.71875
815 271455.34146341466
816 263749.1898734177
817 304552.79761904763
818 272529.1308411215
819 713998.6506024096
820 687117.0898876404
821 291313.75531914894
822 281918.5
823 389417.65853658534
824 288097.8611111111
825 328360.74647887325
826 500993.1066666667
827 363906.40506329114
828 274878.61176470586
829 466567.7826086957
830 423073.8829787234
831 300791.33980582526
832 274122.421686747
833 300390.7037037037
834 446934.9
835 264840.8539325843
836 608760.119047619
837 339261.4
838 288637.1505376344
839 452861.402173913
840 412318.05555555556
841 727807.8137254902
842 321799.71276595746
843 299413.5802469136
844 585654.8205128205
845 506746.6091954023
846 290150.402173913
847 688638.2564102564
848 1397667.2
849 277787.7160493827
850 916103.0
851 303607.22105263156
852 468678.8965517241
853 278968.05376344087
854 324914.2658227848
855 467092.55056179775
856 274213.13483146066
857 292969.5777777778
858 316897.37974683545
859 562064.101010101
860 629919.6547619047
861 345198.6666666667
862 421705.3214285714
863 347703.4534883721
864 1148145.4943820224
865 287249.89898989897
866 285197.4081632653
867 313967.98913043475
868 317640.89361702127
869 1453274.894736842
870 787560.1279069767
871 352286.2658227848
872 532885.572815534
873 343623.0
874 449811.4868421053
875 287201.3461538461
876 333039.9873417721
877 465153.9587628866
878 2607729.938271605
879 974437.4719101123
880 259640.73863636365
881 346339.1847826087
882 330387.16
883 321818.0119047619
884 294040.2727272727
885 346972.9655172414
886 825555.3170731707
887 328563.65753424657
888 346344.0375
889 329192.38144329895
890 267202.23863636365
891 312903.7037037037
892 340760.40206185565
893 1007715.0909090909
894 327221.3611111111
895 335096.1323529412
896 302886.38356164383
897 849953.3181818182
898 355289.0
899 369725.62637362635
900 251926.07317073172
901 507913.95061728393
902 292725.45
903 289552.0602409639
904 550621.2783505154
905 330790.23529411765
906 268872.6862745098
907 290938.5789473684
908 1917168.6538461538
909 1408405.5476190476
910 908766.0531914893
911 307081.08510638296
912 314193.2926829268
913 454836.7710843373
914 286659.0989010989
915 330675.3650793651
916 744540.7710843374
917 611272.56
918 1232430.9759036144
919 321640.42391304346
920 756249.7790697674
921 336529.63636363635
922 343584.5128205128
923 670192.988764045
924 1674929.4705882352
925 357055.8369565217
926 2042476.4691358025
927 318880.23529411765
928 317901.5466666667
929 8943225.986666666
930 7376658.078651685
931 728849.9523809524
932 2959284.3733333335
933 343612.7356321839
934 1102512.8666666667
935 389879.6914893617
936 1.4879741660194175E7
937 317143.73333333334
938 2180773.3777777776
939 330355.15873015876
940 473438.0987654321
941 869527.5753424658
942 1981684.8148148148
943 2950856.569767442
944 2366942.3292682925
945 5806560.12987013
946 308674.68604651163
947 616008.7234042553
948 342357.5487804878
949 324181.02857142856
950 4195411.985507246
951 372606.25333333336
952 605032.6043956043
953 301060.1208791209
954 841807.9444444445
955 1713963.6043956045
956 2607357.9146341463
957 350371.7662337662
958 320293.73170731706
959 366134.9767441861
960 335910.32467532466
961 327211.96153846156
962 374704.6231884058
963 662061.3975903614
964 382051.73529411765
965 1701974.2272727273
966 334710.86904761905
967 343558.2405063291
968 427193.55844155845
969 4692560.358695652
970 3793088.925925926
971 2884391.236842105
972 377778.2584269663
973 2640680.409090909
974 5060572.666666667
975 329444.978021978
976 387400.4065934066
977 347959.1855670103
978 356673.6375
979 366325.85294117645
980 2342807.164383562
981 364274.5172413793
982 363156.3333333333
983 5.500385143617021E7
984 337231.6458333333
985 337042.4696969697
986 3312853.746835443
987 9240558.851851853
988 351041.39506172837
989 7888209.5121951215
990 344372.8735632184
991 577393.1149425288
992 960515.217948718
993 379234.1857142857
994 375341.62025316455
995 356213.6024096386
996 328115.6913580247
997 338474.7816091954
998 299689.95945945947
999 344504.5394736842
