1 2143.8072289156626
2 2149.157894736842
3 2210.021505376344
4 271244.51194539247
5 2135.0078125
6 2156.9219330855017
7 49859.56349206349
8 2202.220640569395
9 927869.2111553785
10 321591.5725490196
11 278542.69329073484
12 2193.81512605042
13 301030.1323529412
14 339409.52702702704
15 935142.8713235294
16 873758.4391143911
17 910967.6492537314
18 318379.7922077922
19 325443.4198473282
20 384281.65934065933
21 836653.7896551724
22 658178.0636704119
23 353664.0905349794
24 293072.16891891893
25 1649464.4481605352
26 349491.6075471698
27 1340901.3873517786
28 652714.4296577947
29 1322117.9657794677
30 1248498.2867647058
31 583283.7355932203
32 1011113.125
33 1799621.7357723578
34 2297580.204861111
35 1668557.6109215016
36 2420946.6691449815
37 726679.8401639344
38 1440191.686868687
39 673798.3602941176
40 1196733.8413284132
41 351808.618852459
42 3013963.714876033
43 1494269.9144981413
44 2033742.0163934426
45 364139.9365671642
46 2333786.325
47 1220556.3581560284
48 1996148.1293706293
49 2839742.5719298245
50 940911.9817518248
51 2652227.444055944
52 3162637.098939929
53 2385177.1666666665
54 1863086.7419354839
55 2540300.5529411766
56 5217041.338345865
57 1921823.2551724138
58 1114283.416
59 3614840.258503401
60 2378697.4452554747
61 2361149.487804878
62 1837935.6892857142
63 1909421.8039215687
64 3210626.0364963505
65 2692283.8517110264
66 1597918.3409961686
67 1913448.2046332047
68 2425515.7278688527
69 3090390.304029304
70 2475642.1050420166
71 2411986.505119454
72 2369693.80876494
73 3133519.4509803923
74 2165611.3671875
75 3770301.140625
76 2188026.3138075313
77 1571953.0763636364
78 2014269.5787545787
79 3913355.5856573707
80 1664138.2248995984
81 2635609.7441860465
82 5048092.256756756
83 3571425.4013605444
84 2363949.0374531834
85 5237769.311864407
86 1859918.9197080291
87 2415890.254416961
88 3660944.349442379
89 2022604.7448275862
90 1912243.973880597
91 3046198.686131387
92 2710919.4651898732
93 3644665.866920152
94 3015501.6306620208
95 4372208.934306569
96 5722629.050179211
97 4373622.487084871
98 2999314.4210526315
99 6696749.931899642
100 3295696.972
101 4173445.5762081784
102 4003127.703703704
103 3475582.7884615385
104 3698667.8602941176
105 7069724.962199313
106 5900990.67032967
107 4004450.577854671
108 4307889.183391004
109 5280516.626086957
110 3795702.2958801496
111 3514570.698630137
112 4794032.460992908
113 6026141.054744526
114 3749337.6822742475
115 3897238.3680297397
116 3888323.532608696
117 5453044.618473896
118 3549552.508591065
119 3641349.9064748203
120 4888400.258064516
121 4499102.721568627
122 3516831.4584837547
123 4430836.438848921
124 2936723.2841328415
125 5652444.073684211
126 4738519.541984733
127 4329093.163934426
128 4897948.411764706
129 4683512.722807017
130 4563971.049618321
131 6245002.779411765
132 4262009.563218391
133 4107539.244
134 5385818.596958175
135 7385569.357414449
136 6113903.3857677905
137 6855274.131205673
138 7065343.716216216
139 6188294.681647941
140 4295229.169117647
141 3992566.63028169
142 7865554.450909091
143 5701990.844827586
144 4667513.498293515
145 7285671.632142857
146 6629635.894160584
147 5069410.138576779
148 3202931.643442623
149 4900732.850187266
150 4932040.686084142
151 7614097.522900763
152 7389760.539568345
153 5153626.802469136
154 4604676.724409449
155 6442590.385185185
156 9663440.361445783
157 5960494.661818182
158 6612448.846153846
159 6214764.925925926
160 7522378.0187969925
161 6763956.689138576
162 7061925.534615384
163 3245347.551236749
164 7557841.584615384
165 5847879.807189543
166 2652974.879699248
167 8417981.522058824
168 8567559.173076924
169 8619849.073770491
170 6415419.277153558
171 7587903.100358423
172 7788718.820143885
173 8525517.735074626
174 5391954.164
175 8264593.914396887
176 6706136.494736842
177 7597521.895131086
178 5325462.375968993
179 6083249.538461538
180 5600380.051612903
181 8792618.452380951
182 5645837.147482014
183 6669103.934959349
184 5074184.472972973
185 1.0245273389705881E7
186 9382377.293103449
187 6562573.570895523
188 7853438.515384615
189 6142629.847014925
190 8386993.359832636
191 7210465.496
192 8004147.754448399
193 1.076429955E7
194 9466829.490421455
195 7765149.526690392
196 7288863.342948718
197 6883870.725274725
198 8761217.518382354
199 8072272.408239701
200 5358990.667870036
201 6296675.989619377
202 5322354.353741497
203 1.2372626733333332E7
204 9528963.92253521
205 7996044.46594982
206 7606958.9386281585
207 9387167.783972126
208 4307397.555984556
209 8867691.157692308
210 1.0754550227106227E7
211 8869884.396761134
212 5465838.149090909
213 8124789.875457875
214 8774347.881756756
215 9289538.6
216 8654503.115384616
217 1.103441122E7
218 7931420.214035087
219 7005267.276816609
220 8828585.204861112
221 5792019.802721089
222 9079112.11151079
223 8990344.41444867
224 1.1329361374545455E7
225 1.0211269628252788E7
226 6643288.856573706
227 8736289.210526315
228 8784026.010169491
229 8632711.557195572
230 8961061.284090908
231 1.1207173028268551E7
232 9423177.491103202
233 6279116.256603774
234 1.0672207501706485E7
235 8843687.059859155
236 9495728.632996634
237 8735104.94795539
238 1.1837329051660517E7
239 8479142.159090908
240 1.1463391943060499E7
241 9546300.625468165
242 7707744.152777778
243 8175658.31372549
244 6157311.714893617
245 7728504.750943396
246 7675538.655290103
247 9362622.961130742
248 9655423.528571429
249 9428392.762541806
250 9913459.27881041
251 9443853.293172691
252 1.2520422348432057E7
253 1.0167857725352112E7
254 8203718.114942528
255 1.0997441674242424E7
256 1.3690231534296028E7
257 8219328.982698962
258 1.2930731652985075E7
259 6466921.291044776
260 7680278.356643356
261 8139098.517730497
262 9806389.921641791
263 7021282.647272727
264 1.0282314583941605E7
265 7170023.555555556
266 1.1603775554166667E7
267 1.1381343666666666E7
268 8220215.640167364
269 1.014501166536965E7
270 9801315.732851986
271 9405037.467576792
272 1.3489403293436293E7
273 1.0772214013289036E7
274 1.3140650307984792E7
275 1.1215865636042403E7
276 1.0018362963636363E7
277 1.2445558879245283E7
278 7639167.672064777
279 8138009.660583941
280 7914488.731225297
281 1.0504622349206349E7
282 5857535.425101215
283 9329494.335820895
284 8936441.889705881
285 9409750.3180212
286 1.5052527827702703E7
287 1.4881850501845019E7
288 1.0104125305555556E7
289 1.2598210321299639E7
290 1.0714051413284132E7
291 1.15922286121673E7
292 1.0490988711743772E7
293 1.3555772873188406E7
294 1.0314477020905923E7
295 9864049.464028778
296 1.153130704137931E7
297 9781189.708487084
298 1.4805377544520548E7
299 1.2556436610655738E7
300 1.1641668729007633E7
301 9650366.02930403
302 9421618.23320158
303 1.417872489591078E7
304 1.2237692114624506E7
305 9466801.079545455
306 1.3409905055555556E7
307 1.5365656632183908E7
308 1.3019395859649124E7
309 1.3853987949275363E7
310 1.093747535E7
311 1.0993967703557312E7
312 1.289496461627907E7
313 1.2313067086330935E7
314 1.368836272027972E7
315 1.8351651515570935E7
316 1.3492897424354244E7
317 1.2668751896946564E7
318 1.3127582194078946E7
319 1.46599083099631E7
320 1.1127994428070175E7
321 1.1453116826839827E7
322 1.477680492682927E7
323 1.159152093498452E7
324 1.233072853256705E7
325 1.3728385515679443E7
326 1.0020738396946564E7
327 9018117.320143884
328 1.3970161891385768E7
329 1.5006910818532819E7
330 8863275.59661017
331 1.5239898844827587E7
332 1.1122942984375E7
333 1.0110767915750915E7
334 1.6818269600719426E7
335 9030790.16988417
336 1.1988151884210527E7
337 1.4219103196153846E7
338 1.1542641320158103E7
339 1.3214931336601308E7
340 1.236817618442623E7
341 1.6433225830935251E7
342 1.3891164787401576E7
343 1.3510085042857142E7
344 1.3353740225409836E7
345 1.3011259704347827E7
346 1.3776674017605634E7
347 1.3891333901098901E7
348 1.21484943992674E7
349 9266573.353790613
350 1.1660309962837838E7
351 1.4555054183745584E7
352 1.1638018106463877E7
353 1.2937486752650177E7
354 1.1157581575875487E7
355 1.3944913282258065E7
356 1.6189601938566552E7
357 1.0424341222996516E7
358 9436721.724014336
359 1.3225905055319149E7
360 1.5538219653571429E7
361 1.3519638775510205E7
362 1.4400068422794119E7
363 1.59730586953125E7
364 1.4989905508143323E7
365 1.2725260721830986E7
366 1.4737171047619049E7
367 1.6364726089068826E7
368 1.1060084535353536E7
369 1.8505024895622894E7
370 1.2425377567901235E7
371 1.2899469330935251E7
372 1.1803010831541218E7
373 1.599496120774648E7
374 1.3198963334519573E7
375 1.5526627829545455E7
376 1.8746834762987014E7
377 1.6744930084805654E7
378 1.738013221513944E7
379 1.1947946059925094E7
380 1.0742249304832714E7
381 1.2854085833935019E7
382 1.7345232833922263E7
383 1.7007794488817893E7
384 1.638602007017544E7
385 1.0866731075949367E7
386 1.063342514229249E7
387 1.6235196426966293E7
388 1.767496923664122E7
389 1.817453313768116E7
390 1.6577648179738563E7
391 1.5490392696750902E7
392 1.7048247884615384E7
393 1.5215355342560554E7
394 1.701052783848797E7
395 1.2694825318007663E7
396 1.7139704237704918E7
397 1.3521988535971222E7
398 1.5819530866906475E7
399 2.1256947534013607E7
400 1.767105156870229E7
401 1.8104616671698112E7
402 1.6845122162790697E7
403 1.167931232142857E7
404 1.9550892941747572E7
405 1.5354552133574007E7
406 1.4609241574626865E7
407 1.9750573184738956E7
408 1.902820949792531E7
409 1.6451023829181494E7
410 1.760648973063973E7
411 1.4968624059055118E7
412 1.306254538697318E7
413 1.8019864993055556E7
414 1.839426924369748E7
415 1.4039267244444445E7
416 1.7646686293040294E7
417 1.7124236475471698E7
418 1.728791628888889E7
419 2.086664911494253E7
420 1.869639138167939E7
421 1.4260541671641791E7
422 1.450216231851852E7
423 1.5025334911660777E7
424 1.7951432548042703E7
425 1.824324719047619E7
426 1.4335407788530465E7
427 1.415345542264151E7
428 1.7531610524528302E7
429 2.1662102054347824E7
430 1.5898378387234043E7
431 1.8531095161870502E7
432 1.5865381136200717E7
433 2.034683818248175E7
434 1.8064887249097474E7
435 1.8282745364820845E7
436 1.912379726953125E7
437 1.7144944351145037E7
438 1.3820916386281589E7
439 1.8547452314285714E7
440 1.4677555291970802E7
441 1.961390831868132E7
442 1.7602694441935483E7
443 1.8676011479245283E7
444 2.0908699755813953E7
445 2.0524385113553114E7
446 1.2563223875968993E7
447 1.387047168148148E7
448 1.4895896893992933E7
449 2.2123390586345382E7
450 1.4773209712177122E7
451 1.7181228365942027E7
452 2.2684428382239383E7
453 2.3337645122516558E7
454 1.8655861014285713E7
455 2.2860724483471073E7
456 1.9736630596774194E7
457 2.0635518444444444E7
458 2.1761267416666668E7
459 1.1705010052447552E7
460 1.3913579521235522E7
461 1.7613090671480145E7
462 1.890575614516129E7
463 1.8300603167286247E7
464 2.074822891221374E7
465 1.9744036545454547E7
466 1.920248894360902E7
467 1.5809214645390071E7
468 1.9155033908713695E7
469 2.1009916044827588E7
470 2.013495552249135E7
471 2.3405674599264707E7
472 2.006242641493776E7
473 2.27887287063197E7
474 1.155737902909091E7
475 2.396590284751773E7
476 1.9207698875886526E7
477 2.367251751879699E7
478 2.3671921965870306E7
479 1.9691744778181817E7
480 1.7793215127413128E7
481 2.1136111496527776E7
482 2.8188432467479676E7
483 2.322722735744681E7
484 1.78033316227758E7
485 1.6852841563909773E7
486 2.8784153628099173E7
487 2.0953752132142857E7
488 1.6408425158490567E7
489 1.928963557303371E7
490 1.6081713277591974E7
491 2.4066417570212767E7
492 2.164685942481203E7
493 1.4848651941666666E7
494 1.483187965140845E7
495 1.691115542760943E7
496 2.586319180952381E7
497 2.250245239688716E7
498 2.5374403026022304E7
499 2.6688747534615386E7
500 1.7856287637065638E7
501 2.1088912784313727E7
502 1.769183444736842E7
503 2.2378607604810998E7
504 2.09394779057971E7
505 2.3721867389261745E7
506 1.90515797122807E7
507 2.529569554263566E7
508 3.3231415780876495E7
509 2.056106015625E7
510 2.1296342076612905E7
511 2.4664785664473683E7
512 3.021963451219512E7
513 2.3280501455128204E7
514 2.4414907492248062E7
515 2.078518094736842E7
516 2.193176225795053E7
517 1.940912451236749E7
518 1.7151063547368422E7
519 1.8806324056338027E7
520 1.638093007518797E7
521 2.05167305708502E7
522 1.7318521358778626E7
523 2.0526649970802918E7
524 3.491456397090909E7
525 1.9253180732851986E7
526 2.014359781300813E7
527 2.3401478224561404E7
528 2.1483143932806324E7
529 2.1422653527972028E7
530 1.5958966644E7
531 2.1221556893617023E7
532 1.7367243169491526E7
533 2.4021283574074075E7
534 2.2212923326996196E7
535 3.066068236781609E7
536 2.0528642259259257E7
537 2.085063305821918E7
538 2.4307804883018866E7
539 2.6055462118773945E7
540 2.035582520472441E7
541 2.416105323630137E7
542 2.2920689524904214E7
543 2.32924686E7
544 2.7167077953846153E7
545 1.856200847565543E7
546 2.4629078841897234E7
547 1.6390927022058824E7
548 1.9136728354716983E7
549 2.1222613143396225E7
550 2.6329661661764707E7
551 2.0465860096153848E7
552 2.106660104761905E7
553 2.902907678810409E7
554 3.2639490958188154E7
555 2.6754106850694444E7
556 1.9357169235507246E7
557 2.260756303125E7
558 1.9866158517006803E7
559 2.61948657544484E7
560 2.2201414825622775E7
561 3.022333232746479E7
562 2.119060446590909E7
563 1.864878974319066E7
564 2.6073188493006993E7
565 2.4258206265517242E7
566 2.6243752831578948E7
567 2.617478950763359E7
568 2.2804045684615385E7
569 2.058064674736842E7
570 2.4332067186813187E7
571 2.2505113651162792E7
572 3.420646191881919E7
573 2.423224566788321E7
574 1.9092951984732825E7
575 1.987344199610895E7
576 3.102887190974729E7
577 2.8322533045833334E7
578 2.226932065625E7
579 2.9693463759689923E7
580 2.2673100202846974E7
581 2.192253690842491E7
582 2.118985429779412E7
583 2.204419905821918E7
584 2.3080909229166668E7
585 2.05109145E7
586 1.7923870844512194E7
587 2.6823575542307694E7
588 2.0136409834532373E7
589 2.8215834102564104E7
590 2.9903163641791046E7
591 3.0922707407665506E7
592 2.868281327952756E7
593 2.159197349003984E7
594 3.3140472295138888E7
595 2.1362933318725098E7
596 2.8612475200716846E7
597 2.1644388358208954E7
598 2.6117024861016948E7
599 2.800766756704981E7
600 2.5713161196825396E7
601 2.818756482885906E7
602 3.023218404E7
603 2.21360099348659E7
604 2.0980768580524344E7
605 2.2261473153846152E7
606 2.1478274295019157E7
607 3.653095879770993E7
608 2.1328565828178693E7
609 2.916690836842105E7
610 2.622358027734375E7
611 2.7947431480427045E7
612 2.434675867669173E7
613 2.7583113567765567E7
614 2.3063081155405406E7
615 2.2398489929078013E7
616 3.0160008668032788E7
617 1.9640228596226417E7
618 2.7033690702811245E7
619 2.750032539925373E7
620 2.6693976832713753E7
621 2.200102333935018E7
622 2.139168932508834E7
623 2.1467831563786007E7
624 2.4260766221774194E7
625 2.179243277142857E7
626 2.8574478440140843E7
627 2.2402962632142857E7
628 2.9813019445736434E7
629 2.314202601632653E7
630 2.4309623416356876E7
631 2.876370666083916E7
632 3.3085435553264603E7
633 1.9333230522648085E7
634 4.339702757454546E7
635 2.533615585882353E7
636 2.2991436787769783E7
637 2.1459216326388888E7
638 3.114084641810345E7
639 2.4193641102739725E7
640 2.7308088134831462E7
641 2.613722522509225E7
642 1.978609607246377E7
643 3.10123467601476E7
644 4.4018050442804426E7
645 2.068855340754717E7
646 3.2322454225409836E7
647 3.1750491493006993E7
648 3.290223018145161E7
649 2.346411117110266E7
650 3.204621049477352E7
651 2.0076382835125446E7
652 2.202460073404255E7
653 1.8676012529197082E7
654 2.7041431775100403E7
655 2.30693520876494E7
656 2.5585466348E7
657 2.8258011373376623E7
658 2.7073147330612246E7
659 2.706478536900369E7
660 2.9701815384057973E7
661 3.511506421839081E7
662 3.113930135526316E7
663 2.380212734812287E7
664 2.820147244404332E7
665 2.8692760088461537E7
666 3.503061828679245E7
667 2.7253633757462688E7
668 2.6622369904761903E7
669 3.3259661215946846E7
670 2.8146036968965515E7
671 2.1338880455197133E7
672 2.699346341197183E7
673 1.9836881089928057E7
674 3.9838049097972974E7
675 2.394308898561151E7
676 2.999076926070039E7
677 3.0548389334661353E7
678 2.5138712171875E7
679 2.5062162427118644E7
680 2.674630242238267E7
681 3.1605088203571428E7
682 3.5917140566523604E7
683 2.5815036152173914E7
684 2.693483211406844E7
685 2.2748950989051096E7
686 3.3714533078066915E7
687 2.7638218934256054E7
688 2.223600079916318E7
689 3.883163379296875E7
690 3.099234463602941E7
691 3.011774353521127E7
692 2.961675612937063E7
693 2.261520277946768E7
694 2.2312351101449274E7
695 3.0180038452282157E7
696 2.571108715750916E7
697 2.910606086642599E7
698 3.631798286813187E7
699 3.1230861988636363E7
700 3.867003473076923E7
701 2.8086452977011494E7
702 2.7074650357388318E7
703 3.1487219197761193E7
704 4.140498477666666E7
705 3.641257074206349E7
706 3.8090661113074206E7
707 3.1832935984848484E7
708 3.075335960769231E7
709 2.8294962579661015E7
710 2.5299156742957745E7
711 3.4661299428030305E7
712 3.2480564855018586E7
713 3.476947222137404E7
714 3.627516586037736E7
715 2.419129806273063E7
716 2.555335854964539E7
717 2.597199791911765E7
718 2.740758334765625E7
719 3.6529675352713175E7
720 3.0675437154574133E7
721 2.5913298025270756E7
722 3.1618338587044533E7
723 2.1957834975177307E7
724 3.310572023966942E7
725 3.04951851598513E7
726 4.346850594308943E7
727 2.8988733859375E7
728 4.0178765773049645E7
729 3.173726372147651E7
730 3.1862814644688644E7
731 2.5562823227272727E7
732 2.8497204304832716E7
733 4.485555237647059E7
734 2.8840651921875E7
735 2.4876299809917357E7
736 3.646950742955326E7
737 2.627200230357143E7
738 2.2647854106382977E7
739 2.9959911088122606E7
740 2.5998619273062732E7
741 3.036285876190476E7
742 2.430589545774648E7
743 2.687674573214286E7
744 2.782694348529412E7
745 2.8804128918149468E7
746 3.784751085090909E7
747 2.8486123420863308E7
748 2.827025970890411E7
749 3.2030462076923076E7
750 2.996495738267148E7
751 3.351220448188406E7
752 2.525923486872587E7
753 2.838796280836237E7
754 3.525262405905512E7
755 3.959755996057348E7
756 2.5310685758122742E7
757 3.2934603109022558E7
758 4.47628651314741E7
759 3.484376056727273E7
760 2.8308892033834588E7
761 3.644521533828996E7
762 2.582368869858156E7
763 3.171424878754579E7
764 3.0361852403162055E7
765 3.304843298804781E7
766 4.005476495488722E7
767 3.0751508340501793E7
768 3.1738600541666668E7
769 2.788050881111111E7
770 5.1862845538461536E7
771 2.4926890951851852E7
772 2.6528319546558704E7
773 3.0456605340136055E7
774 2.5862806355633803E7
775 4.211921702649007E7
776 4.205733213618677E7
777 3.522673795E7
778 3.195616279452055E7
779 2.8833303207272727E7
780 3.7091249167832166E7
781 3.8754141294117644E7
782 3.0191209176895306E7
783 2.5510848781021897E7
784 3.455830225714286E7
785 3.935948577364865E7
786 3.2267418715789475E7
787 3.0188604327137545E7
788 2.729826974427481E7
789 4.610919022592592E7
790 4.0512405697841726E7
791 4.019336866898955E7
792 3.507084450769231E7
793 3.490515154440154E7
794 2.7494621813380282E7
795 2.9744365042145595E7
796 4.3170656680451125E7
797 2.63673297394636E7
798 2.9738124E7
799 2.438883859230769E7
800 2.8736778820945945E7
801 3.1573599851145037E7
802 2.701692296E7
803 3.3173004189090908E7
804 2.640584417735849E7
805 4.319338625517242E7
806 2.7167904618867926E7
807 4.541306072108843E7
808 3.355631089169675E7
809 3.8080602936802976E7
810 3.900206549027237E7
811 3.9582574591240875E7
812 3.21145143003663E7
813 3.600612592565056E7
814 3.424637742028985E7
815 4.572307722900763E7
816 3.1038786040892195E7
817 4.478884441851852E7
818 2.825572310181818E7
819 2.7852175660516605E7
820 3.343040607630522E7
821 3.65212837480916E7
822 3.968349531521739E7
823 3.0504150606557377E7
824 4.215739931010453E7
825 2.9160852677083332E7
826 3.9217240981481485E7
827 3.2184997516778525E7
828 4.3013311493421055E7
829 3.1944354518656716E7
830 3.0308391631205674E7
831 4.247590927472527E7
832 2.7834096727272727E7
833 2.872537597107438E7
834 4.1131247963369966E7
835 2.8656007589641433E7
836 3.2426053104316548E7
837 3.534665176153846E7
838 4.902904947017544E7
839 3.959778752238806E7
840 4.3349411551020406E7
841 3.2169025215328466E7
842 2.2098098776E7
843 3.526453341923077E7
844 3.837084557723577E7
845 3.004190097942387E7
846 4.6319887126436785E7
847 3.873081416549296E7
848 3.786649036643836E7
849 4.486990872862454E7
850 3.106234266403162E7
851 4.167881703169014E7
852 3.3946203937007874E7
853 3.388534988372093E7
854 3.373118967025089E7
855 3.438013302788845E7
856 3.077241528787879E7
857 3.1177259877952754E7
858 5.29248041732852E7
859 3.442850282745098E7
860 3.15682719352518E7
861 2.8638052815498155E7
862 4.476537360159363E7
863 4.22015694826087E7
864 3.1946763790035587E7
865 3.427857294423792E7
866 3.2488711861538462E7
867 2.8887918621276595E7
868 4.467476583882784E7
869 3.886432148076923E7
870 3.377645825101215E7
871 2.767192528030303E7
872 3.457944201923077E7
873 5.1938290233333334E7
874 2.718633369327731E7
875 3.666014604609929E7
876 3.0284890789285716E7
877 3.2853782220408164E7
878 3.373595676449275E7
879 3.8606243938697316E7
880 3.4307934120300755E7
881 3.3406369501976285E7
882 3.7775360302491106E7
883 3.640573781273408E7
884 3.8677173906752415E7
885 4.473045298076923E7
886 3.531470515018315E7
887 3.762117411940298E7
888 2.9341080360784315E7
889 4.406602460948905E7
890 2.813086207586207E7
891 4.252474969581749E7
892 4.215633588842975E7
893 3.7500982158249155E7
894 3.1888071302491102E7
895 2.9340291533834588E7
896 4.126841777700348E7
897 5.893353327983539E7
898 3.134419192279412E7
899 3.466256643609022E7
900 3.690381029749104E7
901 3.470844204961832E7
902 3.889951588421053E7
903 3.810489057723577E7
904 3.2002296501886792E7
905 4.0799480633802816E7
906 3.7156342666666664E7
907 3.0984483824175823E7
908 3.524379418677043E7
909 4.113196452767528E7
910 4.465005592673992E7
911 3.77700200952381E7
912 4.130232512720848E7
913 3.9573804746212125E7
914 4.264916775E7
915 3.58451599765625E7
916 4.552465772862454E7
917 2.766580390526316E7
918 3.2644708623430964E7
919 2.669373415969582E7
920 4.1500322332179934E7
921 2.7918094491666667E7
922 3.3305617895752896E7
923 5.289659638162544E7
924 4.028117121212121E7
925 2.9797124217054263E7
926 1.2675644569333333E8
927 3.81368192E7
928 3.3084830451219514E7
929 7.555773917692308E7
930 3.150514484962406E7
931 3.0759006282828283E7
932 3.9931003723076925E7
933 3.0752495411764707E7
934 3.914082738113207E7
935 3.446401051908397E7
936 4.592349019858156E7
937 3.345240977443609E7
938 4.3571385176470585E7
939 5.30003922E7
940 3.719053949637681E7
941 3.396697546712803E7
942 4.16281018996139E7
943 3.802025845454545E7
944 4.186904416165414E7
945 4.4311712614503816E7
946 4.3447030093959734E7
947 3.637315744444445E7
948 4.210509194423792E7
949 3.1338892635658916E7
950 4.607832570522388E7
951 4.539150470229007E7
952 3.13293900669145E7
953 4.764524935769231E7
954 4.090084796887159E7
955 3.950794521292776E7
956 3.669842362724014E7
957 3.890172819926199E7
958 4.769030089966555E7
959 4.18457165754717E7
960 3.571539220158103E7
961 3.49632429964539E7
962 3.3446962992481202E7
963 3.531959135616438E7
964 3.884972948207171E7
965 3.516447247601476E7
966 8.805140018623482E7
967 4.844139864897959E7
968 1.6452930871836734E8
969 1.1708237814237288E8
970 5.282170048708487E7
971 3.530581452830189E7
972 3.999227642537314E7
973 5.9744658057692304E7
974 6.858858509961686E7
975 4.8582450761245675E7
976 3.90800221697417E7
977 4.353145956934307E7
978 4.390908676893939E7
979 3.8573484848E7
980 3.676208584E7
981 7.3632164124498E7
982 3.535728091726619E7
983 3.569788379061372E7
984 2.9067371443636365E7
985 4.033774087372014E7
986 3.636208308045977E7
987 5.579003732638889E7
988 1.2182769558394161E8
989 3.5028212146520145E7
990 3.649657077241379E7
991 5.324508020905923E7
992 4.514408716376307E7
993 3.785862979522184E7
994 1.3010663379296875E8
995 4.757064029562044E7
996 4.266076598884758E7
997 3.2552401662790697E7
998 3.870138757638889E7
999 3.6539413258865245E7
