1 2197.1655405405404
2 2183.122377622378
3 25313.542435424355
4 2174.5762081784387
5 21741.514950166114
6 48360.9568627451
7 312520.6205533597
8 21800.11224489796
9 22351.316326530614
10 854074.6470588235
11 293406.10370370373
12 289420.8669064748
13 862952.6952054794
14 712822.5185185185
15 537360.0776699029
16 3912.3178294573645
17 320156.23357664235
18 936766.4809160306
19 919216.4150943396
20 1741265.3167259786
21 677803.1598513011
22 324494.4961832061
23 578717.4163701067
24 1570021.6917293232
25 2100964.033088235
26 859936.821192053
27 3006757.3754940713
28 469394.4038461539
29 929551.1925925926
30 1859396.1684587814
31 2544876.506849315
32 900915.1011235955
33 595918.4813432836
34 2098952.812101911
35 685635.0
36 1999518.9786476868
37 1225641.447761194
38 1132605.1208053692
39 1196240.7465277778
40 399561.6425855513
41 875892.172077922
42 1682416.3274647887
43 1979751.9537366547
44 1656951.9054545455
45 1625220.918831169
46 2741034.941908714
47 1950787.41015625
48 2356188.0636042403
49 1293571.1583011583
50 1698994.7800687286
51 1400773.2369477912
52 1097314.5985663082
53 2565859.4535714285
54 1685973.6448979592
55 1013406.4074074074
56 2134576.0788530465
57 1173052.0427046262
58 1646598.312
59 1633406.572
60 2383551.0515463916
61 2313457.258964143
62 2183791.619377163
63 2940384.6045627375
64 1298446.6956521738
65 2095670.8170212766
66 3297309.0864197533
67 2425772.0794223826
68 3874016.3140794225
69 2142058.342756184
70 3428608.1464435146
71 1751816.3720136518
72 2639798.660839161
73 2236784.1115384614
74 3501493.8527131784
75 2573634.8615384614
76 4228507.442028985
77 4037031.398026316
78 4136753.673992674
79 3565468.4525547447
80 2505843.481848185
81 3697478.3087719297
82 2254717.992509363
83 2501702.6727941176
84 2217499.2536764704
85 3207514.433898305
86 3710479.606741573
87 2618387.0233463035
88 3875619.21402214
89 4816050.429042905
90 3872514.72556391
91 4545277.402255639
92 3247803.125475285
93 3405967.9799331105
94 3751858.556
95 2257868.8346153847
96 2636411.3183391006
97 3740071.783088235
98 3999477.7944664033
99 5233826.756653992
100 2422828.2455516015
101 3694280.9795918367
102 3528958.842857143
103 4536482.468438538
104 3436601.8444444444
105 4499496.512915129
106 2448309.1174377226
107 5335174.747368421
108 4098954.643356643
109 5397250.9125
110 7438616.657627119
111 3217627.2708333335
112 4034655.910714286
113 2759876.660714286
114 4762077.40625
115 3658453.578767123
116 4561301.885521886
117 7395160.7527675275
118 5969502.155115511
119 5377217.662962963
120 3454539.164473684
121 6002535.394308943
122 4110361.439862543
123 4132920.344569288
124 5960785.326007326
125 5240501.2862745095
126 4951156.665517242
127 4800523.931654676
128 3933860.143396226
129 7267053.691756273
130 4785284.792642141
131 4050513.530909091
132 5877918.976666667
133 4087978.15936255
134 5033610.408730159
135 5432645.175257732
136 3258519.431372549
137 6175953.863636363
138 4381675.098939929
139 4410448.553719008
140 6749099.618556701
141 4885369.496453901
142 7043124.4
143 5144633.030418251
144 6161433.84351145
145 4071079.4397394136
146 4187523.0433070865
147 5776078.564393939
148 7876699.742537313
149 5297305.459283387
150 5294879.746212121
151 6301805.661290322
152 7932793.866883117
153 4179559.131313131
154 6056811.310104529
155 7727047.142857143
156 4683358.667924528
157 4357455.688976378
158 6002594.181818182
159 6657384.71031746
160 5517690.537634409
161 4251606.610909091
162 5959139.007380074
163 6068739.483636363
164 5772479.515570934
165 5301132.213178295
166 4989527.234817814
167 4864306.478723404
168 9064278.922222223
169 9038393.754512636
170 5521806.397111913
171 6539289.888888889
172 6950215.242320819
173 5816208.481343283
174 6657161.169354838
175 4552943.707317073
176 4803540.277777778
177 5880773.003267974
178 8215814.411971831
179 8847010.810526315
180 6615346.435986159
181 7751465.7265625
182 5806831.970037453
183 7142985.3270676695
184 6687352.966666667
185 7779132.542168675
186 5222073.012987013
187 6152926.193979933
188 4613773.517374517
189 5593909.328185328
190 6944026.790940766
191 7026990.883959045
192 7810901.875502008
193 5704030.706521739
194 7537176.444015444
195 7645477.467181467
196 1.213626925670498E7
197 7628094.761092151
198 7385352.232727272
199 5317619.164912281
200 4978475.864661654
201 6041045.343173432
202 7014997.743494424
203 8660477.250859106
204 9175437.709433962
205 8313624.863970588
206 7093432.6796875
207 6731137.895306859
208 8147851.187279152
209 7230557.541353383
210 7633584.901515151
211 8570040.010526316
212 6325306.944636678
213 7055651.705673759
214 8869387.217543859
215 7420960.454198473
216 7782609.053030303
217 8480993.921501707
218 1.011594400840336E7
219 8095378.653225807
220 1.0302652495901639E7
221 6639503.944262295
222 5965006.104247104
223 1.1455496228136882E7
224 8563111.411320755
225 1.243932716605166E7
226 7976140.040133779
227 8802088.24489796
228 1.2153451887550201E7
229 8702615.571884984
230 7157378.201342282
231 8043167.121428572
232 9146757.494464945
233 1.0030885402777778E7
234 6878246.249011857
235 6346165.548638132
236 8786478.868913857
237 7346102.960474309
238 6745631.930555556
239 7417612.465116279
240 7619526.6
241 1.1528797231034482E7
242 1.3255616201492537E7
243 7905808.92
244 9897772.064885497
245 1.1358446464406779E7
246 8194425.409836066
247 1.0951288678030303E7
248 1.0804699504E7
249 7096131.87037037
250 8617954.832089553
251 6598681.05479452
252 9718328.56569343
253 6865988.487272727
254 9345646.624161074
255 1.2867112723183392E7
256 1.3449346360714287E7
257 1.039447439864865E7
258 1.144748528113879E7
259 9407895.393835617
260 7922889.407017544
261 8409752.985401459
262 1.0340976400722021E7
263 1.0697058E7
264 1.1426122377850164E7
265 1.2732723622137405E7
266 1.1784496213438734E7
267 7312416.116788321
268 1.3069503548387097E7
269 1.1708700118705036E7
270 1.1734431725409836E7
271 1.4087805025270758E7
272 1.4599619488188976E7
273 1.0139879091911765E7
274 8334396.873015873
275 1.0301255541516246E7
276 6495800.951219512
277 9873109.183098592
278 1.1602583626984127E7
279 1.1130732299242424E7
280 1.2161188266159697E7
281 9079229.913207548
282 7551734.777777778
283 9309033.141891891
284 1.5496429333333334E7
285 1.3595768240924092E7
286 1.315729212840467E7
287 8802316.869863013
288 1.0575947300395258E7
289 9665309.903654486
290 9626189.989761092
291 1.4600847662020907E7
292 1.4348403563432835E7
293 1.1371161514705881E7
294 1.3448233096774194E7
295 8482828.79930796
296 8737255.075697212
297 1.4249555988549618E7
298 1.0832336210714286E7
299 1.273149087368421E7
300 8893281.596296296
301 8047518.776923077
302 7540213.185606061
303 1.19302778125E7
304 1.120159493560606E7
305 1.1912220193430657E7
306 1.2533666919117646E7
307 1.13111256133829E7
308 1.3480198802197803E7
309 1.0579704296819787E7
310 1.3228234574912893E7
311 1.4979094654320987E7
312 1.056196355400697E7
313 1.5941792534722222E7
314 1.2094164233870968E7
315 1.0136913413919413E7
316 1.4372225415770609E7
317 1.1351776730496453E7
318 1.044016920622568E7
319 1.3542138554455446E7
320 1.1001121884920634E7
321 1.0087246244444445E7
322 1.0767737691729324E7
323 1.0688750825E7
324 1.1695909472527472E7
325 1.1097551265822785E7
326 1.1813198047445256E7
327 1.7879821915194348E7
328 8937030.137037037
329 1.4663459636E7
330 1.3955193306569343E7
331 1.16138074453125E7
332 7967679.018248175
333 9600573.391836734
334 1.2734040970588235E7
335 1.0201243483394833E7
336 1.100909189041096E7
337 1.5354621807560137E7
338 1.720649100390625E7
339 1.674688976816609E7
340 1.3494272199152542E7
341 1.1845406946996467E7
342 1.0251213946969697E7
343 1.1372141393835617E7
344 1.1883311838129496E7
345 1.1848461589928057E7
346 1.6157280730496453E7
347 1.0992720138888888E7
348 1.7860614E7
349 1.1315825844444444E7
350 1.4153756628975265E7
351 1.4311418325088339E7
352 1.76553629375E7
353 1.5120119624161074E7
354 1.9117342764084507E7
355 1.318953590946502E7
356 1.5184419007246377E7
357 1.7005204985559568E7
358 9879998.187725632
359 1.2459346305841925E7
360 1.1663825577205881E7
361 1.6687395738351254E7
362 1.2696369707818931E7
363 1.265622114453125E7
364 1.5506237107142856E7
365 1.4537205334519573E7
366 1.3828220550561797E7
367 1.4802005401544401E7
368 1.3204176247232473E7
369 1.6170512805755395E7
370 1.8279991015037593E7
371 1.3039296749103943E7
372 1.110527774329502E7
373 1.1147023416030534E7
374 1.3265701865384616E7
375 1.0621995125954198E7
376 1.0060201235507246E7
377 2.428061712867647E7
378 1.5219518977777777E7
379 1.4783635676E7
380 1.6770515451361869E7
381 1.5170679037414966E7
382 1.6797713183206107E7
383 1.5480785788530465E7
384 1.7739296964539006E7
385 1.6010320905511811E7
386 1.2070280458781362E7
387 1.4452735349206349E7
388 1.7966158863945577E7
389 1.442509185433071E7
390 1.4394775357142856E7
391 1.648705563508772E7
392 1.733794620503597E7
393 1.4839864026415095E7
394 1.781493591694352E7
395 1.2169479268382354E7
396 2.0116355215547703E7
397 1.5344990378091874E7
398 1.5042393388111887E7
399 1.6823514776951674E7
400 1.4049466789808918E7
401 1.5421049869565217E7
402 2.153957541577061E7
403 1.8464363991836734E7
404 1.435181475502008E7
405 1.2855063290697675E7
406 1.5391578442307692E7
407 1.4833383773381295E7
408 1.4597784525E7
409 1.4554692346007604E7
410 1.2811685767213115E7
411 1.4883720741935484E7
412 1.78318328619403E7
413 1.4567778583657587E7
414 1.4489285357142856E7
415 2.0455159620805368E7
416 1.6572965075539568E7
417 1.7113401437984496E7
418 1.6321755023728814E7
419 1.3578187433691757E7
420 1.9291661925093632E7
421 1.7384219142348755E7
422 2.0182434544802867E7
423 1.7151148649819493E7
424 1.858153830980392E7
425 1.7603651144444443E7
426 1.565181820212766E7
427 1.4973920730375426E7
428 1.7154073966911763E7
429 1.6907452202290077E7
430 1.735969131954887E7
431 1.7498837703180213E7
432 1.8174861244094487E7
433 1.6971303608540926E7
434 1.6098362086378738E7
435 1.931742289112903E7
436 2.133624553846154E7
437 1.3854181320557492E7
438 1.604677961594203E7
439 1.6963152593023255E7
440 1.7804057235521235E7
441 1.68225582556391E7
442 1.908717940221402E7
443 1.2155167754789272E7
444 1.801725036491228E7
445 1.7763408393939395E7
446 1.6600875496124031E7
447 1.9483412961038962E7
448 1.5547357007874016E7
449 1.7040319396296296E7
450 1.987756221942446E7
451 2.4594895210526317E7
452 1.7951906717647057E7
453 2.5134001375E7
454 1.37156417518797E7
455 1.779689344876325E7
456 2.4854542436823104E7
457 1.5806401084615385E7
458 1.704584231764706E7
459 2.2982295116719242E7
460 1.430473403018868E7
461 1.5040464866894199E7
462 1.7239403392712552E7
463 1.8985302553113554E7
464 1.6426260474226804E7
465 1.711193019771863E7
466 1.9792100040441178E7
467 1.73071487601476E7
468 2.7863274275735293E7
469 2.0908360630188677E7
470 2.390462482246377E7
471 1.755669275E7
472 1.4032480487364622E7
473 1.4688736553903345E7
474 1.8681850731060605E7
475 1.6596249459016394E7
476 1.6638201808362368E7
477 1.8404471362934362E7
478 3.120001869140625E7
479 1.8515271686868686E7
480 1.684665934589041E7
481 2.0598760703832753E7
482 1.805259195306859E7
483 1.6254371967032967E7
484 1.6651352689655172E7
485 2.03925774270073E7
486 2.2896829984496124E7
487 1.9000449808118083E7
488 2.008048401470588E7
489 1.9923213826388888E7
490 1.74567041E7
491 2.2657065683168318E7
492 2.4175590424242426E7
493 2.113271440079365E7
494 2.020374452479339E7
495 1.7118216828244276E7
496 1.762224696577947E7
497 2.2387151082437277E7
498 1.9785559103321034E7
499 1.6290802583333334E7
500 2.5169312664150942E7
501 2.5503215835714284E7
502 1.7413429284518827E7
503 1.8529901881422926E7
504 1.905210580565371E7
505 1.5961866693661971E7
506 2.744817456E7
507 1.8582509986486487E7
508 2.670355494074074E7
509 2.2542765827838827E7
510 1.6563383279151943E7
511 1.8259902344720498E7
512 1.7618247625925925E7
513 2.1055773842281878E7
514 2.515667144680851E7
515 2.1233355227941178E7
516 2.0260701193050195E7
517 2.5031935738351256E7
518 3.1558077679577466E7
519 1.8664252300411522E7
520 2.057148453256705E7
521 1.9240539411538463E7
522 2.8285729492481202E7
523 2.170488562406015E7
524 2.0129841692307692E7
525 2.1547763889285713E7
526 2.3297715613475177E7
527 1.7551402940074906E7
528 2.346675113899614E7
529 1.8276994025830258E7
530 2.0564030574626867E7
531 2.1947809925373133E7
532 1.843010685090909E7
533 2.2788221953020133E7
534 2.5609096689138576E7
535 2.627041912408759E7
536 2.7078516453531597E7
537 1.9802927695970695E7
538 2.1896305398550726E7
539 2.040571971590909E7
540 2.2239708185714286E7
541 1.9063783311864406E7
542 1.8962372649122808E7
543 1.4536583314741036E7
544 2.995512197338403E7
545 2.4145343663120568E7
546 2.8220899138408303E7
547 2.0725868231578946E7
548 2.793501320689655E7
549 1.848393633103448E7
550 1.990314020338983E7
551 1.9989861240458015E7
552 1.6594690597701149E7
553 2.434461923297491E7
554 2.8604766014814816E7
555 1.7461075833922263E7
556 1.8757538241935484E7
557 2.233174271731449E7
558 2.5650575942748092E7
559 1.827046599632353E7
560 2.3355520070422534E7
561 2.1536953451612905E7
562 2.062791149825784E7
563 2.0515991784386616E7
564 1.980678294672131E7
565 2.0945205356363636E7
566 1.6513512474509804E7
567 1.925678388768116E7
568 1.9612528060150377E7
569 2.617391426101695E7
570 2.010279182352941E7
571 1.9943600914814815E7
572 2.251332476862745E7
573 2.213994832962963E7
574 3.1435560410344828E7
575 2.7456402259689923E7
576 2.813091293090909E7
577 2.3058340626373626E7
578 2.133644683088235E7
579 2.26214323180212E7
580 2.4938833735632185E7
581 1.970707854964539E7
582 2.4230520254826255E7
583 1.889997197761194E7
584 2.187290216906475E7
585 1.9745179227758005E7
586 2.2259151610223643E7
587 2.5013033885496184E7
588 3.277702285714286E7
589 2.567623861904762E7
590 2.671660103041825E7
591 2.6571826061594203E7
592 2.2196080470802918E7
593 1.87050238E7
594 2.1766514357894737E7
595 2.572447212075472E7
596 2.5247836131474104E7
597 2.1648794356060605E7
598 3.107935032222222E7
599 2.8358166808080807E7
600 2.6379312051194537E7
601 2.5442640045454547E7
602 2.642181575886525E7
603 2.878049543866171E7
604 2.6065544342741936E7
605 2.8604750350515462E7
606 1.916015262781955E7
607 3.765803129885057E7
608 2.657728625092251E7
609 2.575592454882155E7
610 2.3714653823741008E7
611 2.9876564378737543E7
612 2.4752663736E7
613 1.5023648298850575E7
614 3.1348435310580205E7
615 3.226879780505415E7
616 3.0607539010638297E7
617 2.504490588627451E7
618 2.4533494862204723E7
619 2.9952019279069766E7
620 3.1587564835341364E7
621 3.240666855514706E7
622 2.3501783547038328E7
623 2.676744980487805E7
624 2.91591483006993E7
625 2.760438450337838E7
626 3.199210705109489E7
627 3.501076632616487E7
628 2.9124610698996656E7
629 2.349402154379562E7
630 2.9375993193442624E7
631 2.125229328368794E7
632 2.341759698084291E7
633 2.865235514576271E7
634 2.978326748091603E7
635 2.3541141715355806E7
636 2.2148084105882354E7
637 1.9645093550561797E7
638 2.862958970588235E7
639 3.424440802341137E7
640 2.1445108657480314E7
641 3.2236532049242426E7
642 2.5276881856E7
643 2.1307208170212764E7
644 2.3917588329749104E7
645 2.041700086956522E7
646 2.627680583955224E7
647 2.0830674583629895E7
648 4.027756068992248E7
649 2.4646938506622516E7
650 3.2022155369649805E7
651 2.492966465737052E7
652 3.00274328880597E7
653 2.3827605535714287E7
654 2.9382768489285715E7
655 2.3461305243636362E7
656 2.8513942462328766E7
657 2.1031779964028776E7
658 3.111807269354839E7
659 2.4967810225409836E7
660 2.7487452079681274E7
661 3.5355137992753625E7
662 2.814801507984791E7
663 2.1140866340136055E7
664 2.583762388076923E7
665 3.0945278532608695E7
666 2.4725479412408758E7
667 3.2640168773972604E7
668 2.5045776113553114E7
669 2.4641304166112956E7
670 2.5619695485915493E7
671 3.613485808396947E7
672 2.846336499640288E7
673 2.985895946909091E7
674 2.967961140754717E7
675 4.248883931698113E7
676 2.4943317416666668E7
677 2.75221412605364E7
678 2.7397326443223443E7
679 2.1980755555944055E7
680 2.796573612033195E7
681 3.318300398251748E7
682 3.857376567424242E7
683 3.934380812547529E7
684 2.7096069959409595E7
685 3.2981863835249044E7
686 2.4216546628458496E7
687 3.165013266015625E7
688 3.167458182264151E7
689 2.670354978723404E7
690 3.147219845522388E7
691 2.7630965884210527E7
692 2.842412867669173E7
693 2.8466804083969466E7
694 2.6126679418250952E7
695 2.2290950582375478E7
696 2.950442194485294E7
697 3.697394069402985E7
698 3.429519619863014E7
699 2.5389847615384616E7
700 3.050202336971831E7
701 2.6558850911764707E7
702 2.2983711713768117E7
703 2.7868339642335765E7
704 2.60680526692607E7
705 4.060431103649635E7
706 1.9395931223140497E7
707 4.2068715365079366E7
708 2.7189497607272726E7
709 3.504648466409267E7
710 3.4500538498039216E7
711 3.1593603888888888E7
712 3.9968862814935066E7
713 3.1059966281481482E7
714 3.476210020703125E7
715 2.7521017296577945E7
716 2.4184014925E7
717 3.2993125133828998E7
718 4.25735266380597E7
719 3.322637711851852E7
720 3.344179217253521E7
721 2.40502254341637E7
722 3.00627526819788E7
723 2.5025262065891474E7
724 3.259855890714286E7
725 4.41992302851711E7
726 2.761371433463035E7
727 3.41527060625E7
728 3.629862139929329E7
729 3.4277452255813956E7
730 5.226922423741007E7
731 3.311864699E7
732 2.866893898979592E7
733 3.404641122393823E7
734 3.3224448533333335E7
735 2.8688340178707223E7
736 2.6416925079422385E7
737 3.7742698115384616E7
738 3.480492756321839E7
739 3.0606553325342465E7
740 2.9710491260869566E7
741 2.3337152936619718E7
742 3.4663339969581746E7
743 2.3930022213483147E7
744 3.787238347014926E7
745 3.145203677178423E7
746 3.496164341221374E7
747 3.906377749808429E7
748 5.42837917366548E7
749 3.0144209223076925E7
750 3.3654282878327E7
751 2.6038516724137932E7
752 4.699197279069767E7
753 4.688051423741007E7
754 2.3795127102564104E7
755 3.786660124905661E7
756 2.82696140887372E7
757 3.638888800729927E7
758 3.0277278405693952E7
759 3.75368927242647E7
760 2.481803985714286E7
761 3.197196162909091E7
762 4.3577935403041825E7
763 3.007715289169675E7
764 4.249652402508961E7
765 3.0229839481060605E7
766 3.042303058208955E7
767 3.77498544137931E7
768 2.834981301438849E7
769 2.5134568098181818E7
770 3.3459309595238097E7
771 3.9720857372340426E7
772 5.192357632954545E7
773 3.3401362654545456E7
774 4.011022462650602E7
775 3.801821970707071E7
776 2.9685063644444443E7
777 3.6019862833333336E7
778 2.962589250627615E7
779 3.701855169444445E7
780 4.256477834883721E7
781 2.6121102545454547E7
782 3.0071633003861003E7
783 2.9917497878892735E7
784 4.159689773883162E7
785 2.776551785198556E7
786 3.913200910701107E7
787 3.236283412686567E7
788 3.6541290202846974E7
789 3.2429862456834532E7
790 2.988619578787879E7
791 3.0555931281588446E7
792 3.209220472463768E7
793 3.689923984476534E7
794 3.515879243951613E7
795 3.8391665942857146E7
796 3.0516795107526883E7
797 2.9447583989130434E7
798 2.53979503359375E7
799 3.5240577557142854E7
800 4.7666664E7
801 3.3521807822834644E7
802 3.134159907063197E7
803 2.6614419178988326E7
804 3.685618958571429E7
805 4.4406272328301884E7
806 2.8274815729083665E7
807 2.9941294143835615E7
808 3.6598320416342415E7
809 3.687969175769231E7
810 4.120189468482491E7
811 3.640745781851852E7
812 2.823252221785714E7
813 3.3265511805555556E7
814 4.648126810676157E7
815 3.861779389416058E7
816 4.154872463117871E7
817 3.0294976576335877E7
818 4.362169380073801E7
819 2.98955654E7
820 2.9795030346715327E7
821 2.851065985283019E7
822 3.497731832806324E7
823 3.3450792025089607E7
824 3.2914013984615386E7
825 3.7917745196969695E7
826 3.788771035897436E7
827 2.9111352274074074E7
828 3.542852956321839E7
829 3.218521517735849E7
830 3.3313850787401576E7
831 4.050461692424242E7
832 4.300537970281125E7
833 2.8700534846441947E7
834 3.518108694052044E7
835 3.560175673758865E7
836 2.8958031659722224E7
837 3.592056247773279E7
838 3.7903457273049645E7
839 3.585330278367347E7
840 3.011607393697479E7
841 3.2141755323076922E7
842 2.9766457027667984E7
843 3.1753469825581394E7
844 3.9880247358490564E7
845 3.1242059558935363E7
846 2.9403733360153258E7
847 3.523495836823104E7
848 3.467371855311355E7
849 3.589447509765625E7
850 2.892356534767025E7
851 3.0550847436090227E7
852 3.867796738408305E7
853 3.628660750788643E7
854 2.685364115862069E7
855 4.879778069178082E7
856 3.258129066403162E7
857 4.252020360546875E7
858 2.9008652165016502E7
859 3.683470277289377E7
860 3.072836817037037E7
861 3.2674290483271375E7
862 2.947849222968198E7
863 3.475934316438356E7
864 3.389647062452107E7
865 3.772379752919708E7
866 3.2138313309027776E7
867 4.430694257312253E7
868 4.316146353024911E7
869 3.979766158302583E7
870 3.739317061111111E7
871 2.9243298216E7
872 3.3113818084E7
873 3.458786255244755E7
874 3.107220439483395E7
875 4.143556524291498E7
876 3.806962660535117E7
877 3.253825339483395E7
878 3.1873562498154983E7
879 3.711594306060606E7
880 3.485624720676692E7
881 3.1816049664E7
882 4.277264646694215E7
883 3.440482973563218E7
884 4.439129595289855E7
885 4.278854538867924E7
886 2.821344341577061E7
887 3.148439459851301E7
888 3.5604193296E7
889 3.4509446860627174E7
890 2.6388270344444446E7
891 4.158198034265734E7
892 3.777654891749175E7
893 4.313371063117871E7
894 3.751933997212543E7
895 3.731040322310757E7
896 3.501309498015873E7
897 4.0816661E7
898 3.524190896168582E7
899 3.386528260887097E7
900 4.196091331800766E7
901 3.27445590546875E7
902 3.639357165060241E7
903 3.900935525680934E7
904 3.329731380204778E7
905 4.75918547689243E7
906 3.9802770512195125E7
907 3.0523400774074074E7
908 2.9669542883495145E7
909 4.849875341810345E7
910 3.251327464338235E7
911 3.9125186473684214E7
912 3.548606635958904E7
913 3.721990658302583E7
914 3.473097977454545E7
915 3.282541726936027E7
916 4.046091719083969E7
917 3.3136276808988765E7
918 3.2335271737451736E7
919 3.70525213705036E7
920 8.219616068951613E7
921 3.1666461864768684E7
922 4.029116218867925E7
923 4.770726333699634E7
924 3.41377090952381E7
925 3.2288766604316548E7
926 3.3503883601593625E7
927 3.234859214728682E7
928 3.0563320180392157E7
929 4.503166705555555E7
930 3.249094036426117E7
931 7.152894264620939E7
932 3.3203107950757574E7
933 3.815399617490494E7
934 5.063756846538462E7
935 3.234321102006689E7
936 5.4396334916666664E7
937 7.01902128828125E7
938 3.777926365037594E7
939 4.9124942715355806E7
940 2.944629723616236E7
941 3.177000804263566E7
942 3.700821269291338E7
943 4.469754349264706E7
944 5.268866161172161E7
945 5.313336382089552E7
946 2.86616660647482E7
947 4.2859799764478765E7
948 7.2939001875E7
949 2.9707705007142857E7
950 3.230511436462094E7
951 8.220716848837209E7
952 3.710634769318182E7
953 5.2609363855704695E7
954 5.349622345348837E7
955 4.346571950566038E7
956 7.926305879636364E7
957 3.908921177821012E7
958 3.139664701532567E7
959 3.6709849448529415E7
960 3.3687209830827065E7
961 4.286169463099631E7
962 4.764481787739464E7
963 3.718223990681004E7
964 4.957401639575972E7
965 3.2284873781132076E7
966 4.776176433453237E7
967 3.5628566536679536E7
968 8.86049322E7
969 3.696768354104478E7
970 3.443114733460076E7
971 8.022857088214286E7
972 3.869611139361702E7
973 3.538677215357143E7
974 3.883570244104803E7
975 4.552802527302632E7
976 3.494035893981481E7
977 5.517263088446215E7
978 3.1897207329861112E7
979 5.168483147058824E7
980 3.408194436666667E7
981 4.3730825697416976E7
982 3.1661360838129498E7
983 3.975318324719101E7
984 3.4718323418439716E7
985 3.750950696949153E7
986 4.3092925672862455E7
987 4.138946568835616E7
988 3.682755282287823E7
989 4.608908611020408E7
990 3.904062518283582E7
991 4.006696119465649E7
992 3.57360173992674E7
993 4.00610094E7
994 4.400186032950191E7
995 3.2130253008097164E7
996 4.011910385211267E7
997 5.031969136226415E7
998 3.552125574103586E7
999 4.046058754716981E7
