1 2212.849765258216
2 2133.4368932038833
3 30706.417840375587
4 4337.081218274112
5 28182.552036199097
6 29383.303167420814
7 6172.761467889908
8 4676.881188118812
9 38814.5530726257
10 29569.166666666668
11 6910.266304347826
12 5539.9473684210525
13 8052.3087557603685
14 8526.699530516433
15 29579.66176470588
16 4847.541871921182
17 6784.80303030303
18 66356.67027027028
19 4453.58988764045
20 93089.93103448275
21 34424.053398058255
22 36794.89444444444
23 33203.481132075474
24 36458.267942583734
25 62651.71287128713
26 101298.09142857142
27 6797.79679144385
28 104309.93965517242
29 97731.4385026738
30 90948.68446601942
31 110899.15300546448
32 174560.09405940594
33 99894.09340659341
34 176095.29493087556
35 92316.2358974359
36 32286.545
37 59071.706730769234
38 155509.70466321244
39 100924.35638297872
40 90354.98578199052
41 58129.42272727273
42 56261.8125
43 146846.25603864735
44 95161.59134615384
45 35037.7806122449
46 169436.25352112675
47 122380.16431924883
48 153809.39583333334
49 168942.16267942585
50 55047.82432432433
51 134474.32386363635
52 68922.99462365592
53 211290.54285714286
54 184675.4771573604
55 63571.607142857145
56 212553.4541062802
57 99175.24352331606
58 127036.05
59 239544.3088235294
60 183277.22277227722
61 154830.03465346535
62 160198.75520833334
63 285869.70430107525
64 352931.125
65 192057.4189189189
66 145503.34426229508
67 282463.06565656565
68 285619.4715025907
69 371123.7922705314
70 199528.05464480876
71 257110.5462962963
72 143831.62569832403
73 211684.3282828283
74 279543.2580645161
75 181482.070754717
76 108006.54666666666
77 169849.23529411765
78 165880.64921465967
79 400983.8761904762
80 306354.1506849315
81 303842.4467005076
82 326732.4786729858
83 276444.9852216749
84 194802.84816753925
85 133646.21276595743
86 120409.38775510204
87 438383.40476190473
88 233571.94329896907
89 317098.7042253521
90 368607.20108695654
91 464945.33928571426
92 276830.26136363635
93 330542.105
94 330238.5509259259
95 318123.34112149535
96 238713.1884816754
97 268019.86910994764
98 397124.4314720812
99 348114.7978723404
100 262165.32984293194
101 337586.399103139
102 158731.48258706467
103 263808.99523809523
104 302317.0933333333
105 198507.49289099526
106 431835.5833333333
107 379371.0837209302
108 367847.51515151514
109 302010.0485436893
110 369272.4334975369
111 306890.2450980392
112 312868.5643564357
113 400858.65346534655
114 315282.93925233645
115 282727.1598173516
116 461231.67171717173
117 341174.7248677249
118 362754.3039215686
119 321339.88359788357
120 334931.59803921566
121 470442.896373057
122 413897.715
123 363620.5296803653
124 736832.3586956522
125 527556.91
126 522829.54594594595
127 594643.8232044199
128 421136.8240740741
129 403267.09345794393
130 449289.06341463415
131 452056.2081218274
132 365252.203125
133 409994.95588235295
134 410108.1267605634
135 538027.7570093458
136 447190.0787037037
137 573271.2189054727
138 312434.06862745096
139 223758.28640776698
140 440488.7574257426
141 439224.046875
142 383412.6161137441
143 441337.2814070352
144 330187.21256038646
145 293690.08808290155
146 459081.1570680628
147 470896.7653061224
148 473859.6046511628
149 373340.6649746193
150 601624.8787878788
151 605767.375
152 567696.5873786408
153 549759.3681818182
154 437813.21078431373
155 407349.22162162163
156 443343.06315789477
157 464462.12558139535
158 820500.1095890411
159 509747.89090909093
160 676504.3736842105
161 542933.8552036199
162 778312.9301075268
163 684485.3903743315
164 358078.4010152284
165 539887.7487922705
166 783970.1942857143
167 624941.8514851485
168 392886.4554973822
169 557886.1693121693
170 774826.405940594
171 709889.5077720208
172 556455.4170854271
173 714019.2513661202
174 638053.0135135135
175 780119.8935185185
176 435591.882629108
177 562337.0
178 481874.83510638296
179 414314.414507772
180 634664.4162679426
181 476447.5291262136
182 605512.3383838384
183 329082.53092783503
184 511244.1982378855
185 450777.6736842105
186 634563.1055276382
187 567189.276923077
188 920929.1597938144
189 386404.117370892
190 477759.34347826085
191 511521.4285714286
192 462081.4603174603
193 496165.205
194 711304.0386473429
195 554406.4481132076
196 558232.7247706422
197 781637.527638191
198 594890.8372093023
199 766508.3148148148
200 593140.7889447237
201 780013.66
202 801246.7
203 648644.8937198068
204 805720.2039800995
205 742050.6862745098
206 550180.1711711711
207 769771.6761904762
208 974352.4492753623
209 608809.9897435898
210 752313.7609756098
211 713627.0776699029
212 602539.1483253589
213 780003.7090909091
214 788275.828125
215 726918.9734042553
216 800843.125
217 647306.3804878049
218 709104.1105527638
219 781356.1818181818
220 772433.9068627451
221 394474.62146892655
222 979140.3510638297
223 976604.5577889447
224 1104481.0260416667
225 570432.1414141414
226 928684.9302325582
227 414052.2588832487
228 568434.1593406594
229 762354.7736842105
230 706427.4776119404
231 585904.9702970297
232 769997.5097087378
233 861910.5479452055
234 655251.7351351351
235 561707.5518867924
236 823859.4898989899
237 760372.5594059406
238 785132.192513369
239 783921.3645320197
240 721538.6958333333
241 634541.3413461539
242 906557.7268041237
243 707677.0714285715
244 640951.9792746115
245 1037856.5897435897
246 1090295.1694915255
247 729901.0588235294
248 1189103.2205128204
249 868188.4611650485
250 806684.9800995025
251 658048.5843373494
252 846290.687150838
253 712073.4842105263
254 724177.7352941176
255 796098.6315789474
256 821400.4142857143
257 708958.7558685446
258 912998.8358974359
259 1195890.279792746
260 697521.152284264
261 829717.4973821989
262 901999.5779816514
263 1013603.6559633027
264 703848.8352272727
265 664777.4736842106
266 896174.2944162437
267 890888.4553990611
268 834830.855721393
269 634691.2677595628
270 770602.3798076923
271 743632.8898678414
272 1460962.9528795811
273 794116.3371428571
274 737983.7979797979
275 985840.6666666666
276 1092298.0052910054
277 702780.5221674877
278 961486.1167512691
279 1148186.0957446808
280 1232802.0410256411
281 803030.0885416666
282 859053.5023696682
283 854941.0047169811
284 921074.3423423424
285 664838.3257918552
286 833791.6893203884
287 991411.904522613
288 833993.5625
289 1321552.7318435754
290 1105362.2767857143
291 782318.4656084656
292 1026547.3658536585
293 830020.995
294 989213.1789473684
295 1025122.7731958763
296 869674.5226130653
297 853934.7549019608
298 1139789.6972477064
299 939964.6345177665
300 1257491.3333333333
301 1304338.5743589744
302 1491648.7068965517
303 1066701.3596491227
304 1341625.2054794522
305 1038205.0102040817
306 1217517.3380952382
307 790318.0655737704
308 861819.010989011
309 968878.3492063492
310 855421.592039801
311 1156884.4462365592
312 813921.529953917
313 840557.7711442786
314 842717.9074074074
315 780467.1991525424
316 999574.76
317 937419.7587939699
318 1013876.2146341463
319 1138736.1237113401
320 1212947.6422018348
321 1299501.3933054393
322 1117755.451923077
323 1020394.7461928934
324 731591.1220657277
325 1312614.6390243901
326 977149.8140703518
327 1244616.8512820513
328 1334032.2328042327
329 860305.8504672897
330 1198190.6120218579
331 1160556.145
332 854692.4611650485
333 1018874.4607843137
334 1416040.735632184
335 772781.3417085427
336 1109096.0792079207
337 1251371.95215311
338 1194808.0591133004
339 1051514.9107142857
340 993808.3138297872
341 1153247.4125560538
342 793759.391959799
343 1332224.4226804124
344 962932.4901960784
345 1061245.4517766498
346 762254.6178010472
347 1027185.4162679426
348 1075912.699453552
349 1131207.8219895288
350 1029318.4139534883
351 1199471.6578947369
352 800424.4646464647
353 780835.6492890995
354 918507.4696969697
355 1190663.4953703703
356 885634.0802139038
357 1034912.9891304348
358 1088920.565934066
359 991915.1584158416
360 1245937.3631840795
361 1083056.6631578947
362 1231434.5970149254
363 1322208.5608465609
364 905343.7336448599
365 1136271.6747572816
366 1136283.7281553398
367 934439.3021582734
368 1137890.1290322582
369 1273618.4644808744
370 972261.6
371 1290858.1761904762
372 1040122.8673469388
373 1133611.419512195
374 1344987.2028985508
375 1150326.3380952382
376 1298192.7289719626
377 1638525.5355450236
378 1338052.7845303868
379 925527.1701030928
380 1145465.3708920188
381 1379553.0855855856
382 1111928.4952830188
383 1215043.2549019607
384 1258838.1534391535
385 1216617.1617647058
386 1522632.3731343283
387 843831.3675675676
388 1280415.4521276595
389 1351938.510989011
390 1202952.0505617978
391 1359662.3476190476
392 1195982.4666666666
393 1032670.6079545454
394 917123.5820895522
395 1116702.6717948718
396 1403452.729468599
397 1196485.1139896372
398 1305147.927536232
399 949593.5868544601
400 1322021.3618090453
401 1151825.1032608696
402 1282128.6734693877
403 1734797.7943925234
404 1213942.2964824121
405 1421445.5897435897
406 1584118.3285024154
407 1206570.115183246
408 1444103.617142857
409 1803332.225
410 1456028.9473684211
411 1442649.2488038277
412 1218936.4854368933
413 1204027.671111111
414 1461309.0252525252
415 1851416.4512820514
416 1353175.9266055045
417 1424457.704225352
418 1515412.1595744682
419 1034325.35
420 1200129.5028901733
421 1365810.1861702127
422 1792163.7835051545
423 1160514.5675675676
424 1107895.7604166667
425 1133246.223880597
426 1637626.6242774567
427 1207028.6954545456
428 1245461.8195876288
429 1171701.2666666666
430 1261282.7606382978
431 1384932.687150838
432 1496963.1758241758
433 977874.2901554405
434 1278919.9842105263
435 1357925.7311320754
436 1388814.59
437 1117850.8994413407
438 1459077.5918367347
439 1387340.1981132075
440 1547480.8358208956
441 1135558.093137255
442 1446356.5094339622
443 1404558.8009049774
444 1765166.3625730993
445 1217674.2121212122
446 1196188.1836734693
447 1509908.5393258426
448 1770463.854368932
449 1341303.065
450 1503774.1861702127
451 1725403.7172774868
452 2291302.711627907
453 1583813.961722488
454 1630603.4272727272
455 1636040.4512820514
456 1154039.8325123154
457 1287063.8925233644
458 1388516.3240740742
459 1631735.4
460 1680043.6826923077
461 1520287.8802083333
462 1481502.9913419914
463 2189253.2954545454
464 1481558.105
465 1325859.9911111111
466 1384616.794258373
467 1673729.2154696132
468 1730345.7
469 1913423.3523316062
470 1225327.844919786
471 1643593.9893048129
472 1294604.165775401
473 1163034.983695652
474 1099205.2629107982
475 2096346.6557377048
476 1838903.9216589862
477 1906745.076233184
478 1498513.7135678392
479 1706460.6714975846
480 892327.9033816425
481 1842577.67539267
482 1701064.7110091744
483 2624621.131868132
484 1774564.656084656
485 2601776.784037559
486 1238172.3448275863
487 1629655.8502673798
488 1933975.3548387096
489 1638763.025510204
490 2012175.0234741785
491 1632844.17
492 1477427.384236453
493 1231582.3632075472
494 1582829.556097561
495 1660347.4672897197
496 1526681.8823529412
497 1944451.9090909092
498 1360554.917475728
499 1704627.4644808744
500 2570260.206349206
501 1599875.5346534653
502 2146746.7488789237
503 1575266.6617647058
504 1419873.4383561644
505 1763311.585492228
506 1969877.773755656
507 1441992.875
508 2161488.496969697
509 1752092.837320574
510 1980175.2523809525
511 1795078.0789473683
512 1775592.6105263159
513 1686006.0208333333
514 2248852.8146551726
515 1728637.8324324323
516 2443633.62295082
517 1157664.0808080807
518 1690731.6793478262
519 1710735.1848341231
520 1505379.3703703703
521 1750310.485576923
522 1699458.0467289719
523 1990905.4918032787
524 1859951.6359447006
525 1470928.616580311
526 1969554.4545454546
527 1578582.458563536
528 1585415.7450980393
529 2290662.7963800905
530 1724776.827027027
531 1778545.4947916667
532 2169802.657142857
533 1784733.0
534 1565889.5933014355
535 1377275.6619047618
536 1783288.9946524063
537 2290934.3113207547
538 2564906.5555555555
539 1817470.623255814
540 2972095.8579234974
541 2117350.1045454545
542 1569371.5923913044
543 1571753.5423728814
544 2133991.775609756
545 1361366.3
546 1539183.0396039605
547 1991827.9263157896
548 1654619.163265306
549 1812735.8737373736
550 1919204.9777777777
551 2029919.7886597938
552 1963003.325791855
553 2434303.0
554 1583024.4043715848
555 2111900.5663716816
556 2105297.394871795
557 1846219.8383838383
558 1524974.417475728
559 1618001.141304348
560 1863686.1270718232
561 2332713.614213198
562 1415758.38071066
563 1687896.447761194
564 2057684.712962963
565 1210564.0216216217
566 1770600.7692307692
567 2424639.024509804
568 2096540.1133004925
569 2012570.3181818181
570 2025973.3168316833
571 2038940.1666666667
572 2004788.277173913
573 2411203.0366492146
574 2280907.1818181816
575 2427604.335403727
576 1414706.6980198019
577 2083686.4484536082
578 2086812.4221105527
579 1849540.024630542
580 2056524.8511627908
581 1878219.309178744
582 1771841.2110552764
583 1844390.9064039409
584 1383170.8585365855
585 2028211.328358209
586 1969798.1642512078
587 2542422.723809524
588 1712261.6751269035
589 2139104.7843137253
590 2388568.4418604653
591 1437849.8586387434
592 2395643.2463768115
593 2009694.481865285
594 2661278.7314285715
595 2505870.1649484537
596 3247112.9417475727
597 2252583.7474226803
598 2079332.2727272727
599 2609191.086734694
600 2181038.8361581923
601 2049669.6981132075
602 2451532.1494252873
603 2165639.46122449
604 2416089.418918919
605 2722946.403141361
606 2286861.273631841
607 2504378.2240437157
608 1800772.7725118482
609 1656610.5497630332
610 2545176.6380952382
611 2826935.0430107526
612 2270686.888888889
613 1773450.0273972603
614 2056700.6758241758
615 2091981.7666666666
616 2338416.4857142856
617 2041378.1441860464
618 1861007.275
619 2403760.804347826
620 1870472.612745098
621 2210270.216080402
622 2171418.703517588
623 1763484.9716981133
624 1593052.6994818654
625 2173744.7673267326
626 1929343.072815534
627 2500960.5336787566
628 2161700.971153846
629 2092589.5588235294
630 2225649.3521739133
631 2089581.3846153845
632 1960339.8834951457
633 1730434.5775401068
634 1847311.8697674419
635 2322194.7386363638
636 3549447.630541872
637 1870793.0923076924
638 2251818.711956522
639 2079186.7739130436
640 3005896.682051282
641 2021579.6261682243
642 2129574.6580310883
643 3185628.153846154
644 2373482.557788945
645 3107113.931707317
646 2356334.9953051643
647 2403387.0285714287
648 2188799.945812808
649 1910917.288888889
650 2790837.1304347827
651 2798291.4948979593
652 4347127.168949772
653 2536291.7625570777
654 3078060.510526316
655 1529648.0098039217
656 2234882.3350515463
657 3974812.322869955
658 2461483.785087719
659 2205867.605128205
660 2953481.2386363638
661 1621784.9587155962
662 2798019.870813397
663 2071342.1518324607
664 2080334.0048309178
665 2246197.7914691945
666 2412890.6009852216
667 1891347.1497326202
668 1972442.109947644
669 3271327.6056338027
670 2464546.644171779
671 2656937.313304721
672 1852569.9436619717
673 2493101.0833333335
674 2074708.8615384616
675 1754618.9673913044
676 2944656.3524229075
677 2436258.7587939696
678 3990393.9791666665
679 2836970.606965174
680 2054203.2864583333
681 3077505.9801980196
682 2779372.253968254
683 2390299.6436170214
684 2340937.1461988306
685 2824783.4397905758
686 2414050.2669902914
687 2992772.327014218
688 1921203.8732394367
689 2399422.5353535353
690 3735635.2679425837
691 2882830.883838384
692 3564357.4764150945
693 1959471.5687203791
694 2218789.871657754
695 1793131.096491228
696 2807008.816425121
697 2699574.7391304346
698 1682635.2452830188
699 2010514.9278846155
700 3030483.637254902
701 2347176.8295964124
702 2639076.276243094
703 3339847.714285714
704 2798637.7451923075
705 3011291.4175257734
706 3325298.078817734
707 2318708.3038674034
708 1967327.1527777778
709 2659552.1707317075
710 2940707.9889502763
711 1861517.3555555556
712 2619232.0457142857
713 3000807.090425532
714 2119443.9103773586
715 2795480.763285024
716 1753227.1989247312
717 2741710.0
718 2092999.422330097
719 4383745.18556701
720 2861966.5933014355
721 2567851.1342592593
722 2736487.542056075
723 3918893.5523809525
724 4146701.77092511
725 2289318.117647059
726 3873337.375
727 4794435.376106195
728 2306386.93
729 5341436.481481481
730 2745065.9162790696
731 2551544.279792746
732 2983514.7397959186
733 2724930.144859813
734 3026401.3421052634
735 2076472.9621621622
736 2413621.2608695654
737 3713144.515
738 1872704.3514851485
739 2716127.4487804878
740 2280216.9095477387
741 2039834.1367924528
742 3368563.406862745
743 2757020.4111675126
744 3957526.15270936
745 3111947.60591133
746 3050493.2370689656
747 2787822.782178218
748 2967357.8725490198
749 5841846.828729282
750 4424161.11557789
751 2292105.1326530613
752 2423447.472361809
753 2759491.131455399
754 3040759.6097560977
755 2486451.3422459895
756 3948997.1959798997
757 2331405.8211009176
758 5125768.022222222
759 3989957.690821256
760 3210554.344660194
761 4142094.8578680204
762 2212795.604519774
763 2514845.879227053
764 6225297.527173913
765 2962223.906403941
766 2563755.955882353
767 2343317.039408867
768 4470013.266009852
769 3459330.282828283
770 4122442.3284313725
771 4570898.502564102
772 2408928.198019802
773 3131285.955
774 2999308.248888889
775 3349807.8514851485
776 3185286.342857143
777 8652530.9
778 3587552.0609137057
779 2343338.7314285715
780 3953189.017142857
781 7712561.289340101
782 3535068.6302083335
783 4535490.04040404
784 3831060.779411765
785 2709231.067010309
786 4377543.207070707
787 6101927.322580645
788 4263788.771428571
789 4074200.969072165
790 4927911.771028037
791 2208840.5183246075
792 3855322.96373057
793 3501185.1231527096
794 3928088.8984771576
795 3888842.669902913
796 7416213.071428572
797 4860401.285714285
798 5419853.563063063
799 3174040.420560748
800 2364507.5693779904
801 2141466.5
802 3414573.7264150945
803 4364940.522613065
804 2523298.556149733
805 3169169.708108108
806 3819162.151658768
807 5908197.050228311
808 4098151.7555555557
809 3095595.3771428573
810 4533474.932642487
811 7622852.7609756095
812 4021242.294736842
813 2562536.7021276597
814 4016235.886138614
815 2553848.580786026
816 8284874.781553398
817 2905279.3701923075
818 2932306.4423076925
819 4559276.716814159
820 3598074.2328767125
821 2504372.469273743
822 4910589.753303965
823 2687437.5323383086
824 3150324.426395939
825 4307967.488151658
826 2838755.815920398
827 6305623.746543779
828 2205774.2209944753
829 2628733.35
830 1.0238151311111111E7
831 5204367.40625
832 1.1967360863874346E7
833 2827399.771573604
834 2765804.0108695654
835 2398732.023809524
836 2411010.885572139
837 3237342.3396226414
838 6020133.366834171
839 2352949.486111111
840 4372138.087155963
841 5213749.342592592
842 6107907.945454545
843 4007942.3664921466
844 4322543.665024631
845 4889566.090047393
846 2143690.4688995215
847 2636930.67027027
848 3274511.5762711866
849 4893238.414141414
850 4780559.029411765
851 3137754.419811321
852 6035823.650273224
853 3165204.8038277514
854 1.0055011158878505E7
855 3425330.9178082193
856 2298162.6296296297
857 2688219.5714285714
858 8973678.886486486
859 1.1061667436893204E7
860 2558324.7336956523
861 2968921.9631578946
862 3177124.949308756
863 2719558.0729166665
864 5160524.112612613
865 6527102.744897959
866 5233667.55882353
867 2746564.455497382
868 3063341.1794871795
869 3812162.675257732
870 2220854.868686869
871 5137969.425
872 6762282.625
873 6166587.537313432
874 7045473.932692308
875 6255735.444444444
876 2749941.164772727
877 1.1626714821989529E7
878 8174164.613207547
879 3197809.710526316
880 6868328.095
881 2596811.3039215687
882 6088352.975
883 3480346.824120603
884 3913768.8280542986
885 2946832.1741293534
886 6013127.69035533
887 9774120.96
888 5604039.712918661
889 5276813.015957447
890 9842466.050561797
891 6591671.640625
892 9534218.272727273
893 2734800.025510204
894 6209251.304545455
895 1.1216660402116403E7
896 2960254.891891892
897 4907511.83068783
898 2835410.4752475247
899 4554850.087962963
900 2606068.88172043
901 1.381136879047619E7
902 6926254.217877095
903 4333436.429245283
904 9688012.692307692
905 3821896.7409326425
906 5979666.223404256
907 8805902.444444444
908 7359459.46969697
909 6910081.28372093
910 2616680.6827956988
911 2897717.123655914
912 1.1093529537688442E7
913 2360870.610576923
914 8260660.088888889
915 2319305.44198895
916 6536878.281553398
917 6904134.891089109
918 4165112.548076923
919 4290483.4662921345
920 1.5169536746835442E7
921 2.1499852274509802E7
922 6509443.908045977
923 6099445.634615385
924 3760370.912037037
925 8161416.346368715
926 4690906.404371585
927 7825211.099099099
928 7156901.310679612
929 1.7966785695E7
930 2612184.16969697
931 6771076.262857143
932 3060940.272727273
933 7512250.655813954
934 4987039.7668393785
935 7263619.107692308
936 2817592.7559808614
937 1.730161092857143E7
938 4189667.7337278104
939 1.4899182458536586E7
940 2687578.6086956523
941 3355349.457711443
942 6961652.034313725
943 5860139.6783919595
944 3843728.247368421
945 8747528.603773585
946 2.0340992912371133E7
947 9391572.911764706
948 5898978.4108108105
949 1.1120500151219511E7
950 9511472.261363637
951 1.0502628319047619E7
952 2.9678823527607363E7
953 3060050.037037037
954 1.6383933783251232E7
955 6865650.862559241
956 4801302.072916667
957 5043888.4132653065
958 1.1656537912195122E7
959 1.2098027728813559E7
960 4253466.559808613
961 2.5307507508021392E7
962 2.5844572713513512E7
963 5972831.842857143
964 8083263.077981652
965 3814363.457711443
966 1.349967188235294E7
967 1.602543294117647E7
968 4255669.52631579
969 3.530028097607656E7
970 2.277430861170213E7
971 5.4930120739583336E7
972 6118033.0
973 2567699.8619047618
974 2.5455768471794873E7
975 1.1772543787878787E7
976 9751636.272727273
977 1.137240870952381E7
978 1.7806721671497583E7
979 7.540515713551402E7
980 7164800.076923077
981 7843798.194444444
982 8555673.863247864
983 1.8134001036458332E7
984 5421352.009852217
985 4337963.0792079205
986 2825417.513661202
987 3478007.3
988 7.051739567234042E7
989 2.6764943343434345E7
990 1.0875133991304348E8
991 1.244910814507772E7
992 7681603.505208333
993 1.706906981395349E7
994 6646574.742424242
995 5973973.228855722
996 4410131.08040201
997 4.914521246445498E7
998 5.0214861666666664E7
999 2883610.392694064
